5   5   5   5  0.199553  0.00242729  1.52476  0.0155262  0.649320  0.00987594  13.4745  0.238738
5   5   15  5  0.149772  0.00189097  1.38991  0.0496315  0.724681  0.03800660  14.0406  0.443550
5   5   30  5  0.114663  0.00145985  1.35486  0.0400905  0.739531  0.03179500  15.0097  0.495984
5   15  5   5  0.222992  0.06507790  1.27318  0.0362496  0.802818  0.01709920  10.8310  0.548519
5   15  15  5  0.152889  0.00187554  0.98652  0.0531070  1.050590  0.04632900  11.5384  1.711120
5   15  30  5  0.110371  0.00193575  1.02628  0.0519769  1.031760  0.05212700  11.6062  0.698714
5   30  15  5  0.172502  0.02017760  0.97147  0.0619080  0.904560  0.09635190  14.2603  2.574290
5   30  30  5  0.120648  0.00513280  0.93545  0.0729954  0.967754  0.05874500  14.7775  2.440380
15  1   5   5  0.227228  0.00287477  1.89599  0.0245626  0.507624  0.00516136  11.1198  0.342695
15  1   15  5  0.191581  0.00208153  1.69936  0.0884045  0.577131  0.04351200  10.1847  0.657290
15  5   5   5  0.257858  0.00326782  1.91309  0.0792053  0.513470  0.03106960  14.1359  0.790576
15  5   15  0  0         0           1        0          1         0           0        0
15  5   15  1  0.249132  0.01585450  1.28887  0.0162795  0.795084  0.00970412  13.7258  0.361813
15  5   15  2  0.237999  7.89436e-16 1.48692  0.0614128  0.671229  0.04198640  13.4877  0.497535
15  5   15  3  0.232145  0.00351938  1.72212  0.0241417  0.549465  0.01021390  13.9269  0.275714
15  5   15  4  0.223064  0.00286655  1.83587  0.0277495  0.511224  0.00956983  13.6951  0.282024
15  5   15  5  0.215445  0.00272873  1.91396  0.0336904  0.492551  0.01149990  13.4090  0.326822
15  5   15  6  0.207738  0.00325857  1.96609  0.0509107  0.486461  0.01943880  13.1719  0.481276
15  5   15  7  0.201955  0.00259141  2.00989  0.0559136  0.480460  0.02039240  12.9382  0.485857
15  5   15  8  0.196852  0.00208975  2.05324  0.0542637  0.473130  0.01904750  12.7267  0.513040
15  5   30  0  0         0           1        0          1         0           0        0
15  5   30  1  0.176120  0.01103370  1.06130  0.0470295  0.993269  0.04528260  9.32731  1.016690
15  5   30  2  0.186130  0.00467290  1.07478  0.0560036  0.989193  0.04238660  9.16060  1.158230
15  5   30  3  0.175850  0.00475166  1.21309  0.0514882  0.856807  0.04650560  9.59051  0.998898
15  5   30  4  0.163291  0.00153374  1.34613  0.0576724  0.764503  0.04515560  9.81106  1.133000
15  5   30  5  0.176930  0.00292744  1.84601  0.0422139  0.511107  0.01889030  12.9867  0.334643
15  5   30  6  0.152749  0.00219034  1.71094  0.0671305  0.570596  0.03679630  9.73825  0.543798
15  5   30  7  0.166887  0.00295309  1.93887  0.0582349  0.497029  0.02458220  12.4717  0.479504
15  5   30  8  0.162558  0.00243555  1.98272  0.0554566  0.487663  0.02230430  12.1951  0.474345
15  15  5   0  0         0           1        0          1         0           0        0
15  15  5   1  0.288479  0.04393920  1.18796  0.0291327  0.860330  0.01069100  9.13805  0.649517
15  15  5   2  0.266313  0.00847458  1.33309  0.0273308  0.779716  0.01166000  8.62597  0.547243
15  15  5   3  0.244662  0.00643030  1.55160  0.0214480  0.651529  0.00986055  9.38025  0.408003
15  15  5   4  0.231057  0.00393396  1.75359  0.0219540  0.556874  0.00737445  10.2501  0.344606
15  15  5   5  0.226757  0.00278927  1.89472  0.0247063  0.508988  0.00506245  11.0052  0.322163
15  15  15  5  0.190317  0.00213463  1.56869  0.0700340  0.637360  0.03993440  10.1128  1.045210
15  15  30  5  0.155711  0.00196577  1.53451  0.0729726  0.666253  0.04121910  9.82775  0.870200
15  30  5   5  0.222671  0.00400542  1.69539  0.0757957  0.569850  0.02234150  9.26745  0.519828
15  30  15  5  0.193323  0.00313973  1.44259  0.0372976  0.673273  0.01771340  8.28957  0.420180
15  30  30  5  0.170788  0.00344612  1.20744  0.0630831  0.865234  0.04910620  7.68749  0.848146
30  1   5   5  0.211339  0.00197010  1.98272  0.0369214  0.488481  0.00650823  9.16413  0.537800
30  1   15  5  0.191187  0.00325872  1.89628  0.0371355  0.500556  0.00665410  8.61303  0.545659
30  5   5   5  0.238562  0.00279135  2.05308  0.0716890  0.491756  0.02004490  12.6893  0.821545
30  5   15  5  0.217764  0.00341666  2.03609  0.0680939  0.486740  0.02087610  12.3299  0.880106
30  5   30  5  0.186130  0.00186916  1.93409  0.0735534  0.524360  0.02053150  11.9705  1.115490
30  15  5   5  0.225443  0.00306699  2.08855  0.0471530  0.484302  0.01227920  10.9209  0.670485
30  15  15  5  0.197629  0.00298911  1.87012  0.0793179  0.537033  0.02181740  9.91670  1.118650
30  15  30  5  0.173015  0.00214868  1.89654  0.0738345  0.528806  0.02720970  9.71605  0.840925
30  30  5   5  0.210408  0.00250303  1.94950  0.0389428  0.489784  0.00675188  9.03891  0.569125
30  30  15  5  0.191187  0.00325872  1.89069  0.0324890  0.500011  0.00682168  8.68863  0.595162
30  30  30  5  0.168559  0.00211163  1.77958  0.0345058  0.526840  0.00684929  7.82738  0.591786
35  10  15  0  0         0           1        0          1         0           0        0
35  10  15  1  0.275708  0.02188650  1.33727  0.0388421  0.767579  0.01411580  7.95409  0.804177
35  10  15  2  0.239656  0.01022350  1.49661  0.0526551  0.661049  0.01898880  7.60073  0.815193
35  10  15  3  0.217927  0.00676256  1.73858  0.0383277  0.550148  0.00979189  8.36319  0.635051
35  10  15  4  0.200589  0.00440610  1.84251  0.0420649  0.515810  0.00763082  8.36462  0.735994
35  10  15  5  0.134374  0.01385590  1.76860  0.0661193  0.538765  0.01663490  8.11125  0.682976
35  10  15  6  0.118434  0.00278595  1.77394  0.0572715  0.537641  0.00896424  7.85644  0.693769
35  10  15  7  0.105558  0.01009340  1.80420  0.0913306  0.541523  0.03320280  7.85093  0.770829
35  10  15  8  0.065289  0.01292130  1.61343  0.1124570  0.628202  0.05466860  7.71611  0.975100
35  10  30  0  0         0           1        0          1         0           0        0         0         0
35  10  30  1  0.247168  0.01757260  1.28118  0.0396778  0.800535  0.01483880  7.78401  0.783851  0.362660  0.0665326
35  10  30  2  0.216720  0.00823355  1.40405  0.0459289  0.707477  0.02020940  7.23549  0.768710  0.362566  0.0539415
35  10  30  3
35  10  30  4
35  10  30  5
35  10  30  6
35  10  30  7
35  10  30  8
45  5   5   5  0.152076  0.00407142  2.05444  0.0607505  0.487948  0.01788770  12.6476  0.795703
45  5   15  5  0.139953  0.00213809  1.95828  0.0709083  0.512234  0.02178230  12.3602  1.171220
45  5   30  5  0.126953  0.00251656  1.95210  0.0660955  0.506207  0.02316840  11.9972  1.086410
45  15  5   5  0.139657  0.00297009  1.93440  0.0696395  0.528533  0.01895400  10.4107  1.212700
45  15  15  5  0.130604  0.00212806  1.87690  0.0749173  0.538946  0.02059060  10.2817  1.102350
45  15  30  5  0.117546  0.00321957  1.83055  0.0787163  0.555853  0.02257950  10.1614  1.322140
45  30  5   5  0.133480  0.00339868  1.98550  0.0423034  0.508138  0.00973532  8.73326  0.794061
45  30  15  5  0.126112  0.00225928  1.67977  0.0861934  0.585939  0.02983550  8.56726  1.507580
45  30  30  5  0.114696  0.00374471  1.76244  0.1097130  0.566954  0.03708080  8.36856  1.075230
