#	run	go		gi		gc		sh	fr			fru			a			au			b			bu			c			cu			th			thu			el			elu			a_			au_			c_			cu_
	1	15.0	5.0		30.0	6	0.151470	0.003150	1.662027	0.091893	0.603161	0.047754	1.107586	0.031884	8.389843	0.687452	14.413306	2.200944	1.657741	0.093922	1.305464	0.052923
	2	15.0	5.0		30.0	4	0.163854	0.003331	1.341372	0.071964	0.788357	0.045557	1.062374	0.021636	7.906308	1.362343	18.157077	2.232281	1.324726	0.062361	1.179716	0.030717
	3	15.0	5.0		30.0	3	0.176205	0.005102	1.203783	0.062148	0.886641	0.047468	1.057164	0.019055	10.541929	3.347145	21.042975	2.685550	1.189944	0.058144	1.147921	0.029610
	4	15.0	5.0		30.0	2	0.595069	0.213383	1.109248	0.032113	0.964640	0.037844	1.057607	0.020744	40.157564	26.042143	24.094676	4.153345	1.059872	0.063943	1.125520	0.040416
	5	15.0	5.0		30.0	1	0.291677	0.682580	1.154740	0.033968	0.934123	0.040897	1.051104	0.016443	26.861250	23.076292	25.478094	4.040314	1.115717	0.078656	1.133354	0.043333
	6	15.0	1.0		15.0	5	0.190813	0.002422	1.625089	0.114219	0.615844	0.062824	1.116805	0.038361	8.336302	0.787508	17.282480	2.850587	1.622331	0.128815	1.309882	0.069431
	7	30.0	1.0		15.0	5	0.192588	0.004325	1.812859	0.108926	0.524731	0.048501	1.160979	0.033477	7.127907	0.880768	23.341595	5.687052	1.841217	0.135621	1.361041	0.062313
	8	15.0	1.0		5.0		5	0.227039	0.002848	1.797671	0.096143	0.526761	0.046604	1.163538	0.027090	9.665256	0.862312	17.259778	3.428105	1.845152	0.116055	1.459912	0.077230
	9	30.0	1.0		5.0		5	0.444558	0.404525	1.915782	0.035012	0.485416	0.005842	1.168466	0.023152	8.112870	0.672411	23.367003	4.133040	1.993523	0.043869	1.438090	0.049629
	10	35.0	10.0	15.0	1	0.278637	0.035323	1.254472	0.045230	0.785204	0.034697	1.168220	0.024559	8.706925	5.964274	54.857630	8.388292	1.302675	0.069445	1.300479	0.044548
	11	35.0	10.0	15.0	2	0.242024	0.014612	1.427311	0.061419	0.681903	0.036152	1.168709	0.028896	6.160519	2.288181	40.306771	7.511316	1.466427	0.077399	1.294343	0.046771
	12	35.0	10.0	15.0	3	0.220367	0.010165	1.628018	0.123222	0.590018	0.065491	1.174512	0.034243	6.693376	1.236817	29.436832	8.288933	1.660446	0.145850	1.323771	0.055097
	13	35.0	10.0	15.0	4	0.201134	0.003354	1.765973	0.088161	0.535693	0.040825	1.173958	0.035217	6.861230	0.918785	25.593180	5.803003	1.800227	0.109660	1.351641	0.056577
	14	35.0	10.0	15.0	5	0.137655	0.018462	1.744511	0.055492	0.535586	0.019787	1.189556	0.024760	6.387738	0.883167	24.562873	4.232311	1.781099	0.075446	1.351058	0.049695
	15	35.0	10.0	15.0	6	0.123140	0.015842	1.726780	0.044709	0.542477	0.020168	1.189131	0.039747	6.163281	0.912654	27.699943	6.122116	1.782346	0.074407	1.342754	0.053346
	16	35.0	10.0	15.0	7	0.105517	0.018879	1.665823	0.118265	0.574749	0.054745	1.173069	0.041104	6.241743	0.989498	29.456371	6.492401	1.718661	0.142677	1.319056	0.059850
	17	35.0	10.0	15.0	8	0.083451	0.042966	1.551754	0.113101	0.627515	0.052354	1.159612	0.043912	6.511272	1.429429	32.517191	6.104044	1.615443	0.136505	1.290437	0.051251
	18	35.0	10.0	30.0	1	0.486672	0.686261	1.211124	0.061109	0.833153	0.054503	1.146862	0.029893	12.986251	11.438632	58.152195	7.108766	1.228850	0.089381	1.265408	0.050129
	19	35.0	10.0	30.0	2	0.220667	0.015378	1.335037	0.082638	0.751166	0.056739	1.140014	0.029118	7.509642	4.086883	43.142339	7.420704	1.346756	0.095731	1.253793	0.048000
	20	35.0	10.0	30.0	3	0.197690	0.008231	1.535358	0.079308	0.639620	0.045884	1.149125	0.028445	6.035159	1.500538	29.525858	5.859629	1.534717	0.086860	1.262913	0.044329
	21	35.0	10.0	30.0	4	0.181391	0.004992	1.663897	0.107526	0.581252	0.054697	1.159486	0.031149	6.087370	0.962691	24.725989	6.348327	1.658336	0.103908	1.291061	0.047761
	22	35.0	10.0	30.0	5	0.135051	0.028895	1.607706	0.073423	0.603951	0.038341	1.156452	0.038173	5.605075	0.952873	27.267815	4.506727	1.620235	0.101052	1.276850	0.051656
	23	35.0	10.0	30.0	6	0.117234	0.022845	1.607492	0.091019	0.611028	0.047247	1.142206	0.045907	6.082225	1.017812	27.288077	4.476400	1.622273	0.115438	1.271610	0.057384
	24	35.0	10.0	30.0	7	0.100975	0.020654	1.627752	0.121552	0.603582	0.061768	1.142559	0.045749	6.212221	1.050566	26.060541	4.513697	1.661855	0.154702	1.276084	0.060499
	25	35.0	10.0	30.0	8	0.084028	0.026722	1.517528	0.139838	0.668946	0.068633	1.110338	0.041386	5.658520	1.254125	27.957620	4.627208	1.519678	0.162318	1.231147	0.046950
	26	15.0	5.0		20.0	1	0.486797	1.080034	1.149019	0.032098	0.925530	0.041685	1.072052	0.026393	28.572159	27.053347	33.994985	9.751314	1.116830	0.085004	1.154051	0.058253
	27	15.0	5.0		20.0	2	0.548428	0.318060	1.140392	0.061258	0.922432	0.063175	1.082952	0.027018	32.676447	26.629580	33.331836	8.071987	1.113964	0.103642	1.165323	0.051466
	28	15.0	5.0		20.0	3	0.230512	0.207980	1.249565	0.097523	0.838473	0.079317	1.081480	0.023195	10.234658	5.314992	23.072441	3.498105	1.255599	0.108492	1.180379	0.038594
	29	15.0	5.0		20.0	4	0.184825	0.002941	1.463708	0.106848	0.700996	0.070237	1.098418	0.031857	8.043439	0.871978	19.023455	2.881578	1.455870	0.115881	1.237447	0.051290
	30	15.0	5.0		20.0	5	0.177932	0.002970	1.556977	0.118298	0.655487	0.065790	1.098730	0.034556	8.030045	0.921774	17.415040	2.887633	1.543556	0.120081	1.268429	0.062173
	31	15.0	5.0		20.0	6	0.170375	0.002274	1.685780	0.107979	0.591359	0.053081	1.113388	0.035172	8.422416	0.844179	15.380074	2.251452	1.685423	0.117911	1.322918	0.066627
	32	15.0	5.0		20.0	7	0.164864	0.001633	1.697328	0.073246	0.592629	0.027964	1.095784	0.033713	8.235763	0.722978	15.059629	1.990569	1.692541	0.074738	1.306685	0.029098
	33	15.0	5.0		20.0	8	0.160102	0.001416	1.756736	0.067697	0.570793	0.022590	1.091529	0.033405	8.347871	0.710930	14.686322	2.033205	1.762093	0.075942	1.323553	0.026548
	27	30.0	15.0	30.0	5	0.169893	0.002358	1.825982	0.068477	0.548005	0.020060	1.087373	0.034519	8.645847	0.826949	16.496908	2.818500	1.852592	0.078182	1.368699	0.035593
	28	30.0	15.0	10.0	5	0.207055	0.004888	1.926624	0.085093	0.507109	0.027037	1.105336	0.031561	9.330383	0.920468	19.615706	3.477136	1.989104	0.101135	1.453008	0.068610
	30	30.0	15.0	30.0	5	0.170981	0.002349	1.855141	0.066849	0.536070	0.020471	1.090762	0.033137	8.917889	0.814754	16.652714	2.577247	1.888563	0.079989	1.390170	0.040585
	31	30.0	10.0	30.0	5	0.176757	0.003123	1.929655	0.075535	0.520354	0.023482	1.072498	0.031631	10.003003	0.821222	16.096719	2.907865	1.929725	0.077689	1.472694	0.053639
	32	30.0	20.0	30.0	5	0.168398	0.002570	1.767671	0.071131	0.560297	0.022935	1.107379	0.038732	7.615647	0.856152	17.125411	2.722966	1.797635	0.082940	1.316650	0.037833
	33	15.0	15.0	15.0	5	0.190040	0.002263	1.550272	0.086169	0.659208	0.043985	1.092236	0.030028	7.977071	0.834955	17.817922	2.341451	1.530801	0.083232	1.260361	0.037509
	34	15.0	10.0	15.0	5	0.195644	0.003676	1.780859	0.089029	0.551825	0.041832	1.119419	0.030663	10.334106	0.665770	12.286488	2.066672	1.774850	0.090335	1.456965	0.069320
	35	15.0	20.0	15.0	5	0.185418	0.002257	1.606462	0.019822	0.602953	0.008286	1.152185	0.012856	6.758655	0.445689	20.637388	2.837492	1.612584	0.024526	1.293515	0.027479
	36	30.0	15.0	15.0	5	0.197462	0.003880	1.849682	0.073437	0.538534	0.020197	1.091214	0.037507	8.904997	0.860158	18.859308	3.316085	1.861216	0.080326	1.400105	0.043989
	37	30.0	10.0	15.0	5	0.202962	0.004259	1.941099	0.077902	0.516356	0.023831	1.074240	0.032140	10.226116	0.852050	18.967661	3.555360	1.946201	0.084610	1.496470	0.060482
	38	30.0	20.0	15.0	5	0.195932	0.003845	1.893206	0.101684	0.508637	0.037159	1.129893	0.029259	8.564470	1.036456	19.646495	3.350656	1.938965	0.119584	1.421517	0.081562
	39	60.0	15.0	15.0	5	0.079088	0.008914	1.815527	0.069748	0.548146	0.020255	1.100465	0.052596	10.184096	2.066476	21.895443	4.919224	1.848840	0.076557	1.476370	0.106158
	40	60.0	10.0	15.0	5	0.079886	0.004899	1.856578	0.078264	0.542847	0.021841	1.084828	0.053626	11.473436	2.053678	24.127815	5.815120	1.858261	0.077752	1.558762	0.117554
	41	60.0	20.0	15.0	5	0.080221	0.009389	1.490763	0.058762	0.458383	0.018540	1.174057	0.054736	9.571950	2.008555	22.129232	5.156733	1.849574	0.078527	1.436602	0.096168
	42	15.0	15.0	30.0	5	0.155449	0.001978	1.253150	0.065590	0.569681	0.036504	1.144829	0.028727	8.168259	0.932626	16.038443	2.309667	1.500281	0.077978	1.239683	0.037433
	43	15.0	10.0	30.0	5	0.161180	0.004278	1.412757	0.072180	0.493650	0.035718	1.159908	0.030334	10.088469	0.665708	11.747326	1.864324	1.681521	0.082010	1.397420	0.055827
	44	15.0	20.0	30.0	5	0.160945	0.003331	1.130353	0.078059	0.635317	0.052876	1.151000	0.028531	7.579804	1.238178	24.787213	3.529862	1.345611	0.098333	1.195243	0.038712
	45	30.0	15.0	30.0	5	0.173067	0.002616	1.529487	0.065597	0.449695	0.023783	1.157881	0.034566	8.795733	0.851309	16.930190	2.788780	1.861562	0.086533	1.385818	0.053900
	46	30.0	10.0	30.0	5	0.178799	0.004439	1.597553	0.064901	0.435874	0.022077	1.132486	0.032290	10.174082	0.824269	16.729314	2.960509	1.916575	0.079654	1.480403	0.057297
	47	30.0	20.0	30.0	5	0.170994	0.003390	1.502997	0.077313	0.450994	0.031658	1.182803	0.035214	7.956234	0.841827	17.173260	2.810514	1.838518	0.100461	1.350143	0.061964
	48	60.0	15.0	30.0	5	0.069350	0.003460	1.484392	0.062631	0.467731	0.019215	1.156091	0.055503	10.355841	2.025985	20.242135	4.506918	1.806669	0.079243	1.466891	0.094195
	49	60.0	10.0	30.0	5	0.074139	0.004858	1.534852	0.066238	0.455575	0.020096	1.143933	0.053228	11.212553	1.890510	22.055730	4.913905	1.837953	0.077486	1.534734	0.099512
	50	60.0	20.0	30.0	5	0.071756	0.004096	1.469722	0.057118	0.470370	0.017692	1.161550	0.049380	9.590690	1.771378	20.349045	4.502161	1.804628	0.075556	1.420728	0.078750
	54	30.0	15.0	10.0	5	0.210789	0.003713	1.614145	0.070699	0.417317	0.024341	1.171534	0.030968	9.606711	0.906685	20.022328	3.561867	1.990874	0.099956	1.477592	0.076061
	55	30.0	15.0	5.0		5	0.223665	0.004183	1.619522	0.067888	0.415650	0.022557	1.170632	0.031552	9.892360	1.002274	21.160277	3.553178	2.016670	0.105754	1.498114	0.077477
	56	15.0	10.0	5.0		5	0.233676	0.004151	1.515074	0.079329	0.443882	0.034975	1.192267	0.032305	10.835224	0.851680	14.759860	2.411972	1.843482	0.106720	1.515104	0.086856
	57	30.0	10.0	5.0		5	0.229465	0.005150	1.660233	0.067060	0.413721	0.020241	1.141203	0.030363	10.860518	0.837719	21.676616	4.259922	2.026715	0.095046	1.561826	0.073751
	58	60.0	10.0	5.0		5	0.083148	0.004242	1.548915	0.057323	0.448704	0.015380	1.150881	0.059833	11.814947	2.135787	25.461856	5.718853	1.881303	0.072265	1.584418	0.119938
	59	15.0	15.0	5.0		5	0.226511	0.002718	1.471305	0.098155	0.449404	0.050197	1.225549	0.036090	9.376032	1.020806	17.814740	3.995431	1.812717	0.148072	1.437598	0.089400
	60	60.0	15.0	5.0		5	0.080768	0.004316	1.515576	0.060675	0.451938	0.017830	1.169781	0.059275	10.580106	2.130938	23.378018	5.178381	1.875609	0.082603	1.503647	0.109916
	61	15.0	20.0	5.0		5	0.217145	0.002827	1.430053	0.021392	0.451578	0.005929	1.255617	0.017299	7.680704	0.484985	19.973176	2.914121	1.762474	0.027101	1.374844	0.030676
	62	30.0	20.0	5.0		5	0.220380	0.003935	1.594777	0.076933	0.416432	0.026533	1.194751	0.035123	9.041152	1.045855	22.581013	3.825407	1.992782	0.127187	1.458274	0.078733
	63	60.0	20.0	5.0		5	0.292418	0.356953	1.464071	0.066758	0.467023	0.018302	1.178480	0.058192	9.536304	2.119830	23.326300	5.095130	1.827232	0.088723	1.437444	0.092469
	64	45.0	10.0	5.0		5	0.140041	0.013369	1.611700	0.057601	0.427045	0.017308	1.149194	0.035714	10.990055	1.066605	23.786845	5.088520	1.970633	0.082335	1.555385	0.072463
	65	45.0	15.0	5.0		5	0.134800	0.013150	1.538931	0.059322	0.444566	0.018250	1.165716	0.041100	9.607570	1.223178	23.622098	4.509050	1.910165	0.082051	1.458268	0.068152
	66	45.0	20.0	5.0		5	0.133818	0.012295	1.528383	0.068702	0.438062	0.025244	1.195316	0.040222	8.858113	1.138970	23.602047	4.349878	1.936029	0.112756	1.428947	0.072681
	67	45.0	10.0	15.0	5	0.129313	0.010768	1.571024	0.063441	0.443943	0.016892	1.138869	0.040227	10.389694	1.185063	21.792695	4.269620	1.889675	0.077294	1.498666	0.067479
	68	45.0	15.0	15.0	5	0.126732	0.010905	1.529293	0.060777	0.450176	0.017601	1.158029	0.038880	9.429768	1.060613	21.138799	4.154024	1.867897	0.079326	1.435120	0.055937
	69	45.0	20.0	15.0	5	0.123935	0.012991	1.477496	0.064051	0.463012	0.020277	1.174381	0.043615	8.381747	1.218518	22.380260	4.885586	1.819348	0.086311	1.373963	0.054274
	70	45.0	10.0	30.0	5	0.118919	0.010921	1.861776	0.073108	0.545451	0.021577	1.070392	0.037036	10.291404	1.124407	20.407192	3.995322	1.851832	0.075650	1.476546	0.059223
	71	45.0	15.0	30.0	5	0.114035	0.014036	1.808383	0.076201	0.555973	0.023039	1.086021	0.038397	9.243477	1.131862	18.874442	3.513921	1.821360	0.083463	1.404922	0.051413
	72	45.0	20.0	30.0	5	0.113134	0.010980	1.748496	0.072905	0.572167	0.022848	1.097330	0.039690	8.253985	1.204338	18.859644	3.052861	1.782896	0.084413	1.344851	0.046984
	76	5.0		5.0		30.0	5	0.113395	0.002482	1.381512	0.072262	0.783917	0.053483	1.035644	0.016594	14.551294	1.635235	13.024016	1.731467	1.317009	0.067804	1.386666	0.040731
	77	5.0		15.0	30.0	5	0.109366	0.001601	1.139755	0.049890	0.935473	0.049356	1.062466	0.023877	63.004157	17.018436	28.608123	9.449216	0.995868	0.063351	1.160754	0.052072
	78	5.0		30.0	30.0	5	0.169296	0.186110	1.082220	0.078977	0.844688	0.064491	1.180448	0.064243	66.956989	21.512727	61.366528	11.045629	0.900515	0.084001	1.358543	0.083893
	79	5.0		5.0		15.0	5	0.149328	0.001870	1.392781	0.080711	0.770266	0.059967	1.046713	0.020539	13.403441	1.597245	12.601149	1.505099	1.341494	0.080439	1.348823	0.042172
	80	5.0		15.0	15.0	5	0.293281	0.145720	1.100703	0.032262	0.949025	0.045525	1.091707	0.031141	66.375381	18.847781	46.452798	6.166968	0.974182	0.054535	1.208004	0.052513
	81	5.0		30.0	15.0	5	0.286903	0.148301	1.037701	0.061631	0.820648	0.065113	1.232120	0.058521	57.824039	26.172752	64.387838	11.636235	0.907916	0.095558	1.420545	0.075379
	82	5.0		5.0		5.0		5	0.199466	0.002451	1.494534	0.085983	0.690428	0.062310	1.087209	0.028343	12.303262	0.628481	13.957156	1.809562	1.464936	0.090628	1.395613	0.056354
	83	5.0		15.0	5.0		5	0.262611	0.187254	1.195562	0.052257	0.829582	0.045030	1.150557	0.022389	13.971809	9.387646	53.101267	8.057394	1.221430	0.086810	1.321866	0.039627
	85	15.0	5.0		30.0	5	0.173572	0.005020	1.858854	0.086823	0.537136	0.038204	1.094305	0.025920	12.173644	0.581814	11.016512	1.968165	1.797688	0.078894	1.600648	0.068568
	86	15.0	30.0	30.0	5	0.173604	0.005790	1.180515	0.067512	0.863074	0.046248	1.119797	0.036197	12.605041	6.430506	43.635589	6.425166	1.175625	0.076960	1.246237	0.057589
	87	15.0	5.0		15.0	5	0.212155	0.005206	1.913142	0.085982	0.516583	0.035613	1.099290	0.024609	12.645453	0.567678	12.260463	2.252768	1.863329	0.080238	1.659967	0.073680
	88	15.0	30.0	15.0	5	0.195056	0.005373	1.417490	0.056906	0.699285	0.034683	1.139591	0.019586	7.079379	2.083442	39.495619	5.654644	1.416643	0.060543	1.276696	0.031403
	89	15.0	5.0		5.0		5	0.255039	0.004025	1.908837	0.087293	0.522529	0.031563	1.086131	0.027056	13.350775	0.681644	14.403242	2.615388	1.883356	0.084615	1.694210	0.069379
	90	15.0	30.0	5.0		5	0.224909	0.006068	1.578113	0.104043	0.607691	0.060658	1.176331	0.040074	7.380383	0.954720	33.688692	7.804397	1.621469	0.139085	1.339574	0.053188
	91	30.0	5.0		30.0	5	0.185637	0.002684	1.974085	0.074957	0.522510	0.019278	1.039595	0.029794	11.419566	0.836833	18.889748	3.153358	1.925611	0.073786	1.569608	0.050712
	92	30.0	30.0	30.0	5	0.170390	0.003850	1.728809	0.106619	0.558276	0.052111	1.154135	0.033217	6.412193	0.768342	22.102378	5.127536	1.729355	0.112224	1.304741	0.054467
	93	30.0	5.0		15.0	5	0.215559	0.004564	2.050583	0.084769	0.497163	0.024333	1.046717	0.029242	11.859647	0.800251	20.877956	3.870084	2.001149	0.082758	1.634386	0.069378
	94	30.0	30.0	15.0	5	0.192827	0.004357	1.830959	0.090237	0.516117	0.037877	1.164979	0.031480	7.232245	0.815531	23.110000	5.442881	1.866727	0.103616	1.370777	0.057951
	95	30.0	5.0		5.0		5	0.237789	0.003628	2.062415	0.076621	0.496156	0.020899	1.041988	0.027902	12.270649	0.757567	23.628116	4.549264	2.027454	0.077907	1.663385	0.066193
	96	30.0	30.0	5.0		5	0.211634	0.005216	1.885632	0.070184	0.495987	0.021438	1.169240	0.028449	7.719680	0.783350	24.793764	5.453390	1.944371	0.071951	1.419178	0.054176
	97	45.0	5.0		30.0	5	0.123378	0.014231	1.972780	0.082519	0.515171	0.026048	1.062040	0.033841	11.613318	0.997913	20.845465	4.138500	1.920425	0.078597	1.596661	0.070738
	98	45.0	30.0	30.0	5	0.111722	0.013448	1.683481	0.093128	0.585821	0.042030	1.126816	0.043326	6.855572	1.188688	21.861432	3.424023	1.717758	0.114588	1.294456	0.060837
	99	45.0	5.0		15.0	5	0.136361	0.010959	1.978501	0.080021	0.515768	0.022615	1.056666	0.035419	11.968880	1.081227	23.242336	4.784796	1.939506	0.076948	1.618928	0.072489
	100	45.0	30.0	15.0	5	0.122162	0.010990	1.666171	0.086882	0.596325	0.030204	1.119536	0.047005	6.703542	1.512749	25.586367	4.493750	1.659282	0.095246	1.294735	0.057115
	101	45.0	5.0		5.0		5	0.148682	0.011078	2.030570	0.082254	0.497612	0.024475	1.064996	0.034722	12.269003	1.039284	25.855132	5.482678	2.008799	0.088523	1.668789	0.086707
	102	45.0	30.0	5.0		5	0.131034	0.009446	1.788131	0.085780	0.526468	0.037113	1.176552	0.042129	7.321113	1.126154	27.238872	4.697087	1.907014	0.126090	1.384739	0.066609
	103	15.0	15.0	5.0		5	0.222452	0.002598	1.818568	0.019784	0.513961	0.004305	1.172959	0.011290	9.280298	0.337873	14.505003	2.090322	1.855476	0.022517	1.454859	0.026754
	104	15.0	15.0	5.0		5	0.225866	0.003855	1.850965	0.022757	0.501671	0.005787	1.176019	0.015516	10.219003	0.489463	19.061461	2.775695	1.908440	0.028045	1.512139	0.036056
	105	15.0	15.0	5.0		1	0.373689	1.063654	1.146365	0.032531	0.879432	0.039065	1.152948	0.036863	20.560022	23.585750	58.358581	8.461712	1.144082	0.083214	1.287740	0.070962
	106	15.0	15.0	5.0		2	0.265696	0.009782	1.259001	0.026220	0.784537	0.012390	1.148776	0.019034	6.756470	0.831241	39.622594	6.304506	1.329272	0.028554	1.275527	0.039503
	107	15.0	15.0	5.0		3	0.246602	0.009386	1.438759	0.082517	0.679458	0.059629	1.155189	0.026715	8.079216	2.058608	28.419408	4.396645	1.503862	0.106264	1.302907	0.043926
	108	15.0	15.0	5.0		4	0.233186	0.004562	1.637212	0.114277	0.587046	0.068769	1.167441	0.035020	8.538599	0.773548	21.608580	4.731662	1.687916	0.141049	1.370372	0.066882
	109	15.0	5.0		15.0	1	0.249961	0.015675	1.289760	0.060894	0.841329	0.054823	1.040546	0.013565	15.011309	5.574577	15.186026	2.712864	1.244619	0.070148	1.309099	0.049870
	110	15.0	5.0		15.0	2	0.237474	0.007290	1.474305	0.103446	0.717142	0.070249	1.064974	0.027223	12.456533	1.074723	12.093388	2.015082	1.423712	0.098106	1.404132	0.080012
	111	15.0	5.0		15.0	3	0.229057	0.008727	1.717884	0.091968	0.583088	0.050511	1.108936	0.030632	12.790260	0.644624	11.054144	2.055027	1.661127	0.087667	1.580495	0.086160
	112	15.0	5.0		15.0	4	0.219881	0.005906	1.835082	0.086850	0.538235	0.040866	1.111363	0.027926	12.773487	0.599913	11.599882	2.324670	1.781523	0.082197	1.639763	0.077074
	113	15.0	5.0		15.0	6	0.204908	0.004226	1.972364	0.086038	0.503870	0.031526	1.083372	0.024323	12.479183	0.639787	12.560994	2.185477	1.922924	0.082130	1.665452	0.072450
	114	15.0	5.0		15.0	7	0.198808	0.003747	2.018437	0.084968	0.496231	0.028812	1.066372	0.024111	12.321387	0.611577	12.909807	2.163051	1.970652	0.080700	1.664259	0.069551
	115	15.0	5.0		15.0	8	0.193331	0.003129	2.062396	0.085455	0.489132	0.027044	1.051034	0.024057	12.153753	0.613949	13.452951	2.352661	2.012110	0.080811	1.661846	0.069314
	116	15.0	5.0		30.0	8	0.159382	0.003330	2.003635	0.082528	0.505182	0.028736	1.055203	0.023217	11.592494	0.598922	11.827791	1.917821	1.945964	0.077345	1.597557	0.062844
	117	15.0	5.0		30.0	7	0.163956	0.003910	1.957454	0.084769	0.515140	0.031274	1.066481	0.024069	11.845302	0.591176	11.721959	1.961734	1.902691	0.078769	1.603042	0.062112
