#	run	go		gi		gc		sh	fr			fru			a			au			b			bu			c			cu			th			thu			el			elu			a_			au_			b_			bu_			c_			cu_
	1	15.0	5.0		30.0	6	
	2	15.0	5.0		30.0	4	
	3	15.0	5.0		30.0	3	
	4	15.0	5.0		30.0	2	
	5	15.0	5.0		30.0	1	
	6	15.0	1.0		15.0	5	
	7	30.0	1.0		15.0	5	
	8	15.0	1.0		5.0		5	
	9	30.0	1.0		5.0		5	
	10	35.0	10.0	15.0	1	
	11	35.0	10.0	15.0	2	
	12	35.0	10.0	15.0	3	
	13	35.0	10.0	15.0	4	
	14	35.0	10.0	15.0	5	
	15	35.0	10.0	15.0	6	
	16	35.0	10.0	15.0	7	
	17	35.0	10.0	15.0	8	
	18	35.0	10.0	30.0	1	
	19	35.0	10.0	30.0	2	
	20	35.0	10.0	30.0	3	
	21	35.0	10.0	30.0	4	
	22	35.0	10.0	30.0	5	
	23	35.0	10.0	30.0	6	
	24	35.0	10.0	30.0	7	
	25	35.0	10.0	30.0	8	
	26	15.0	5.0		20.0	1	
	27	15.0	5.0		20.0	2	
	28	15.0	5.0		20.0	3	
	29	15.0	5.0		20.0	4	
	30	15.0	5.0		20.0	5	
	31	15.0	5.0		20.0	6	
	32	15.0	5.0		20.0	7	
	33	15.0	5.0		20.0	8	
	27	30.0	15.0	30.0	5	
	28	30.0	15.0	10.0	5	
	30	30.0	15.0	30.0	5	
	31	30.0	10.0	30.0	5	
	32	30.0	20.0	30.0	5	
	33	15.0	15.0	15.0	5	
	34	15.0	10.0	15.0	5	
	35	15.0	20.0	15.0	5	
	36	30.0	15.0	15.0	5	
	37	30.0	10.0	15.0	5	
	38	30.0	20.0	15.0	5	
	39	60.0	15.0	15.0	5	
	40	60.0	10.0	15.0	5	
	41	60.0	20.0	15.0	5	
	42	15.0	15.0	30.0	5	
	43	15.0	10.0	30.0	5	
	44	15.0	20.0	30.0	5	
	45	30.0	15.0	30.0	5	
	46	30.0	10.0	30.0	5	
	47	30.0	20.0	30.0	5	
	48	60.0	15.0	30.0	5	
	49	60.0	10.0	30.0	5	
	50	60.0	20.0	30.0	5	
	54	30.0	15.0	10.0	5	
	55	30.0	15.0	5.0		5	
	56	15.0	10.0	5.0		5	
	57	30.0	10.0	5.0		5	
	58	60.0	10.0	5.0		5	
	59	15.0	15.0	5.0		5	
	60	60.0	15.0	5.0		5	
	61	15.0	20.0	5.0		5	
	62	30.0	20.0	5.0		5	
	63	60.0	20.0	5.0		5	
	64	45.0	10.0	5.0		5	
	65	45.0	15.0	5.0		5	
	66	45.0	20.0	5.0		5	
	67	45.0	10.0	15.0	5	
	68	45.0	15.0	15.0	5	
	69	45.0	20.0	15.0	5	
	70	45.0	10.0	30.0	5	
	71	45.0	15.0	30.0	5	
	72	45.0	20.0	30.0	5	
	76	5.0		5.0		30.0	5	
	77	5.0		15.0	30.0	5	
	78	5.0		30.0	30.0	5	
	79	5.0		5.0		15.0	5	
	80	5.0		15.0	15.0	5	
	81	5.0		30.0	15.0	5	
	82	5.0		5.0		5.0		5	
	83	5.0		15.0	5.0		5	
	85	15.0	5.0		30.0	5	
	86	15.0	30.0	30.0	5	
	87	15.0	5.0		15.0	5	
	88	15.0	30.0	15.0	5	
	89	15.0	5.0		5.0		5	
	90	15.0	30.0	5.0		5	
	91	30.0	5.0		30.0	5	
	92	30.0	30.0	30.0	5	
	93	30.0	5.0		15.0	5	
	94	30.0	30.0	15.0	5	
	95	30.0	5.0		5.0		5	
	96	30.0	30.0	5.0		5	
	97	45.0	5.0		30.0	5	
	98	45.0	30.0	30.0	5	
	99	45.0	5.0		15.0	5	
	100	45.0	30.0	15.0	5	
	101	45.0	5.0		5.0		5	
	102	45.0	30.0	5.0		5	
	103	15.0	15.0	5.0		5	
	104	15.0	15.0	5.0		5	
	105	15.0	15.0	5.0		1	
	106	15.0	15.0	5.0		2	
	107	15.0	15.0	5.0		3	
	108	15.0	15.0	5.0		4	
	109	15.0	5.0		15.0	1	
	110	15.0	5.0		15.0	2	
	111	15.0	5.0		15.0	3	
	112	15.0	5.0		15.0	4	
	113	15.0	5.0		15.0	6	
	114	15.0	5.0		15.0	7	
	115	15.0	5.0		15.0	8	
	116	15.0	5.0		30.0	8	
	117	15.0	5.0		30.0	7	
