498
1488
992
1488

Atoms

1 1 1 1.617303e+00 2.727135e+00 1.189564e+00
2 1 1 1.062892e+00 2.774401e+00 1.258902e+00
3 1 1 4.934160e-01 2.805187e+00 1.279345e+00
4 1 1 -6.303799e-02 2.834181e+00 1.280613e+00
5 1 1 -5.983820e-01 2.848274e+00 1.270757e+00
6 1 1 -1.081323e+00 2.895948e+00 1.222335e+00
7 1 1 -8.765580e-01 3.330557e+00 1.003391e+00
8 1 1 7.605500e-01 2.313178e+00 1.249408e+00
9 1 1 1.854610e-01 2.341691e+00 1.227928e+00
10 1 1 -3.967250e-01 2.357898e+00 1.239138e+00
11 1 1 -9.953870e-01 2.371771e+00 1.274238e+00
12 1 1 -8.015199e-02 3.644096e+00 7.755465e-01
13 1 1 2.129490e-01 3.280780e+00 1.123941e+00
14 1 1 4.950440e-01 3.599827e+00 7.916645e-01
15 1 1 7.852960e-01 3.227191e+00 1.101772e+00
16 1 1 1.056567e+00 3.518828e+00 7.341055e-01
17 1 1 1.360924e+00 3.170405e+00 9.989445e-01
18 1 1 2.224540e-01 3.842142e+00 3.696055e-01
19 1 1 1.619587e+00 3.413686e+00 5.498715e-01
20 1 1 -8.579699e-02 1.904639e+00 1.061714e+00
21 1 1 1.293358e+00 3.654667e+00 2.686575e-01
22 1 1 7.655480e-01 3.781928e+00 3.373445e-01
23 1 1 5.380860e-01 3.861609e+00 -1.338155e-01
24 1 1 -3.482940e-01 3.310282e+00 1.096243e+00
25 1 1 -3.086680e-01 -9.054421e-01 -6.092655e-01
26 1 1 5.011901e-02 -2.681634e+00 -1.279370e+00
27 1 1 5.912770e-01 -2.478942e+00 -1.265533e+00
28 1 1 -4.214830e-01 -2.354295e+00 -1.233357e+00
29 1 1 9.706601e-02 -2.170776e+00 -1.164565e+00
30 1 1 6.335890e-01 -1.990513e+00 -1.132258e+00
31 1 1 1.140262e+00 -1.777506e+00 -1.141279e+00
32 1 1 1.076043e+00 -2.781040e+00 -1.253534e+00
33 1 1 1.141092e+00 -2.298715e+00 -1.268124e+00
34 1 1 1.295370e-01 -1.703985e+00 -9.611355e-01
35 1 1 6.529640e-01 -1.510445e+00 -9.300455e-01
36 1 1 -2.401710e-01 -3.817911e-01 -4.514465e-01
37 1 1 1.655689e+00 -4.989591e-01 -9.713775e-01
38 1 1 -3.635930e-01 -1.394316e+00 -8.297335e-01
39 1 1 1.658750e-01 -1.235973e+00 -7.360825e-01
40 1 1 6.982270e-01 -1.031835e+00 -7.354325e-01
41 1 1 1.657941e+00 -1.564905e+00 -1.201082e+00
42 1 1 1.661272e+00 -1.052061e+00 -1.081054e+00
43 1 1 1.170869e+00 -1.286740e+00 -9.759585e-01
44 1 1 1.205307e+00 -7.799601e-01 -8.268905e-01
45 1 1 7.561210e-01 -5.324681e-01 -5.963475e-01
46 1 1 2.209980e-01 -7.561431e-01 -5.456005e-01
47 1 1 2.425991e+00 1.221946e+00 1.284960e+00
48 1 1 1.605870e+00 8.114869e-01 1.010420e+00
49 1 1 2.123467e+00 7.458939e-01 1.196918e+00
50 1 1 2.911881e+00 1.644199e-01 1.270636e+00
51 1 1 2.114413e+00 -1.963281e-01 1.150774e+00
52 1 1 2.380742e+00 2.450249e-01 1.238454e+00
53 1 1 2.673923e+00 7.022289e-01 1.284891e+00
54 1 1 1.328771e+00 2.272989e+00 1.280665e+00
55 1 1 1.841199e+00 2.749739e-01 1.039054e+00
56 1 1 1.357140e+00 3.663529e-01 8.177375e-01
57 1 1 5.352970e-01 1.000402e+00 6.913775e-01
58 1 1 2.158578e+00 1.712604e+00 1.285041e+00
59 1 1 1.870029e+00 1.256067e+00 1.197908e+00
60 1 1 1.601750e+00 1.768368e+00 1.237262e+00
61 1 1 1.337131e+00 1.334513e+00 1.052766e+00
62 1 1 7.908510e-01 1.407265e+00 9.218115e-01
63 1 1 2.245710e-01 1.459358e+00 8.543685e-01
64 1 1 3.195350e+00 6.436659e-01 1.143925e+00
65 1 1 1.094428e+00 9.154889e-01 8.288605e-01
66 1 1 2.618302e+00 -3.120541e-01 1.280645e+00
67 1 1 4.854730e-01 1.876359e+00 1.075568e+00
68 1 1 1.047080e+00 1.827453e+00 1.145625e+00
69 1 1 1.937012e-03 3.901222e+00 -1.096855e-01
70 1 1 -3.493960e-01 3.851137e+00 3.049765e-01
71 1 1 -1.946999e+00 3.380819e+00 -1.035215e-01
72 1 1 -1.613938e+00 3.409732e+00 -5.548975e-01
73 1 1 -9.312299e-02 3.507785e+00 -9.361195e-01
74 1 1 1.534401e-02 3.118095e+00 -1.207745e+00
75 1 1 -5.722900e-01 3.314893e+00 -1.065967e+00
76 1 1 -9.536760e-01 2.939880e+00 -1.218204e+00
77 1 1 -1.467488e+00 3.620046e+00 1.207853e-02
78 1 1 -1.443507e+00 3.037304e+00 -1.066556e+00
79 1 1 -1.880451e+00 3.037931e+00 -8.644375e-01
80 1 1 -5.349799e-02 2.564380e+00 -1.268949e+00
81 1 1 -6.564030e-01 2.377999e+00 -1.252197e+00
82 1 1 -4.534180e-01 2.856366e+00 -1.269418e+00
83 1 1 -1.132386e+00 3.388675e+00 -8.644095e-01
84 1 1 -2.289440e-01 3.777232e+00 -5.307775e-01
85 1 1 -6.053920e-01 3.845590e+00 -1.742905e-01
86 1 1 -9.410760e-01 3.775765e+00 1.887345e-01
87 1 1 -1.127464e+00 3.676926e+00 -3.721935e-01
88 1 1 -6.443200e-01 3.650767e+00 6.800465e-01
89 1 1 -1.225650e+00 2.507459e+00 -1.279431e+00
90 1 1 -6.834980e-01 3.632900e+00 -6.930285e-01
91 1 1 2.937440e-01 3.729334e+00 -6.175235e-01
92 1 1 -1.209943e+00 3.570939e+00 5.635535e-01
93 1 1 2.582816e+00 2.040593e+00 -1.118696e+00
94 1 1 2.026833e+00 2.122799e+00 -1.262471e+00
95 1 1 1.689089e+00 3.522177e+00 -5.630347e-02
96 1 1 2.513337e+00 2.841191e+00 -5.152325e-01
97 1 1 1.088466e+00 3.740575e+00 -1.612245e-01
98 1 1 1.460232e+00 2.144471e+00 -1.272444e+00
99 1 1 7.915720e-01 3.662484e+00 -6.066235e-01
100 1 1 2.066112e+00 3.280515e+00 2.708975e-01
101 1 1 1.761431e+00 1.611422e+00 -1.233231e+00
102 1 1 2.180691e+00 3.208990e+00 -2.543125e-01
103 1 1 4.618520e-01 2.831635e+00 -1.272633e+00
104 1 1 9.197460e-01 2.444353e+00 -1.274435e+00
105 1 1 1.366954e+00 2.683365e+00 -1.244411e+00
106 1 1 1.852063e+00 2.617653e+00 -1.167507e+00
107 1 1 2.367032e+00 2.519124e+00 -9.896375e-01
108 1 1 2.809605e+00 2.398746e+00 -7.011915e-01
109 1 1 1.801620e+00 3.312460e+00 -5.618865e-01
110 1 1 1.365757e+00 3.528527e+00 -5.339955e-01
111 1 1 1.061372e+00 3.364539e+00 -9.167625e-01
112 1 1 2.079133e+00 2.958770e+00 -8.126085e-01
113 1 1 1.532876e+00 3.106813e+00 -9.815335e-01
114 1 1 4.906450e-01 3.372677e+00 -1.030880e+00
115 1 1 9.389040e-01 3.003386e+00 -1.195898e+00
116 1 1 -1.780715e+00 2.944199e-01 1.014194e+00
117 1 1 -1.421641e+00 1.342279e+00 1.083438e+00
118 1 1 -1.128853e+00 9.175109e-01 8.438415e-01
119 1 1 -6.099700e-01 1.010559e+00 7.128635e-01
120 1 1 -2.169084e+00 -4.194131e-01 1.183439e+00
121 1 1 -2.133252e+00 6.666439e-01 1.192783e+00
122 1 1 -8.681190e-01 4.851639e-01 6.313425e-01
123 1 1 -3.418570e-01 5.876309e-01 5.169595e-01
124 1 1 -1.146713e+00 -7.849210e-02 6.977705e-01
125 1 1 -6.254880e-01 5.205990e-02 5.008775e-01
126 1 1 -2.630645e+00 4.667239e-01 1.283409e+00
127 1 1 -7.934700e-01 -4.910841e-01 6.051495e-01
128 1 1 -1.199142e+00 1.854153e+00 1.183968e+00
129 1 1 -2.509482e+00 1.033404e+00 1.284984e+00
130 1 1 -4.494799e-02 1.038609e+00 6.503805e-01
131 1 1 -6.566320e-01 1.910321e+00 1.111361e+00
132 1 1 -3.466010e-01 1.473217e+00 8.728715e-01
133 1 1 -1.962432e+00 1.200969e+00 1.213965e+00
134 1 1 -1.344766e+00 3.651089e-01 8.134115e-01
135 1 1 -1.666022e+00 -1.990081e-01 9.526625e-01
136 1 1 -1.620975e+00 8.249099e-01 1.021117e+00
137 1 1 -1.287243e+00 -6.074411e-01 8.268625e-01
138 1 1 -2.199141e+00 9.168090e-02 1.180850e+00
139 1 1 -8.950080e-01 1.428623e+00 9.577075e-01
140 1 1 3.686479e+00 6.079869e-01 -6.338365e-01
141 1 1 1.640308e+00 8.919890e-02 -9.297315e-01
142 1 1 3.312693e+00 -1.162601e-01 -1.105219e+00
143 1 1 2.434360e+00 1.114719e-01 -1.244595e+00
144 1 1 2.918708e+00 3.910109e-01 -1.261075e+00
145 1 1 2.467192e+00 1.156999e+00 -1.280801e+00
146 1 1 3.814841e+00 8.213649e-01 -1.398035e-01
147 1 1 2.962384e+00 9.423519e-01 -1.213069e+00
148 1 1 2.437756e+00 6.672599e-01 -1.262601e+00
149 1 1 3.381237e+00 9.131979e-01 -9.472595e-01
150 1 1 2.063033e+00 -1.884781e-01 -1.125968e+00
151 1 1 2.817605e+00 1.532196e+00 -1.168085e+00
152 1 1 1.952451e+00 1.051695e+00 -1.181692e+00
153 1 1 3.239874e+00 1.405664e+00 -9.159005e-01
154 1 1 2.097388e+00 -7.686561e-01 -1.186238e+00
155 1 1 2.258187e+00 1.614153e+00 -1.280205e+00
156 1 1 3.097257e+00 -6.809391e-01 -1.186996e+00
157 1 1 2.885161e+00 -1.552441e-01 -1.270628e+00
158 1 1 2.533452e+00 -4.993501e-01 -1.270445e+00
159 1 1 1.999325e+00 4.420489e-01 -1.116587e+00
160 1 1 3.353638e+00 4.223819e-01 -1.057199e+00
161 1 1 2.611003e+00 -1.038448e+00 -1.278751e+00
162 1 1 3.605654e+00 1.164655e+00 -5.289315e-01
163 1 1 3.663740e+00 5.603390e-02 -7.509885e-01
164 1 1 -3.640610e+00 -9.291811e-01 -5.908395e-01
165 1 1 -3.863973e+00 -5.176411e-01 -1.511955e-01
166 1 1 -3.760306e+00 -1.042521e+00 -1.249775e-01
167 1 1 -3.441345e+00 -1.834266e+00 1.565005e-01
168 1 1 -3.147740e+00 -2.075612e+00 5.715765e-01
169 1 1 -3.365476e+00 -6.632071e-01 -1.013676e+00
170 1 1 -3.630911e+00 -1.380723e+00 2.424515e-01
171 1 1 -3.770083e+00 -8.190631e-01 3.458675e-01
172 1 1 -3.837664e+00 -3.119991e-01 3.695205e-01
173 1 1 -2.745499e+00 -1.171476e+00 1.256118e+00
174 1 1 -3.555926e+00 -1.476463e+00 -3.689705e-01
175 1 1 -3.329813e+00 -1.215425e+00 -9.006285e-01
176 1 1 -2.249536e+00 -9.611461e-01 1.251411e+00
177 1 1 -3.209606e+00 -2.739011e-01 1.164130e+00
178 1 1 -2.711186e+00 -6.197331e-01 1.284291e+00
179 1 1 -3.593578e+00 2.354290e-02 8.456445e-01
180 1 1 -2.677812e+00 -1.074151e-01 1.283804e+00
181 1 1 -3.200049e+00 -7.965751e-01 1.118931e+00
182 1 1 -3.581761e+00 -5.232631e-01 8.128165e-01
183 1 1 -3.164351e+00 -1.306861e+00 1.024401e+00
184 1 1 -3.108622e+00 2.332149e-01 1.212854e+00
185 1 1 -3.340190e+00 -1.623918e+00 6.743865e-01
186 1 1 -2.881800e+00 -1.740228e+00 1.071093e+00
187 1 1 -3.527012e+00 -1.077197e+00 7.158525e-01
188 1 1 1.198770e+00 3.496739e-01 -7.381655e-01
189 1 1 1.238945e+00 -2.327311e-01 -7.430085e-01
190 1 1 -7.026060e-01 3.369090e-02 -5.194555e-01
191 1 1 -7.954570e-01 9.025519e-01 -7.189465e-01
192 1 1 -5.083930e-01 5.502349e-01 -5.349135e-01
193 1 1 -1.796970e-01 1.035234e+00 -6.509025e-01
194 1 1 1.040868e+00 9.060009e-01 -8.017055e-01
195 1 1 7.092950e-01 5.335229e-01 -5.834825e-01
196 1 1 4.792550e-01 9.612359e-01 -6.604045e-01
197 1 1 1.560603e+00 6.814499e-01 -9.597555e-01
198 1 1 7.248901e-02 6.468559e-01 -5.036915e-01
199 1 1 8.056970e-01 -9.773100e-03 -5.525685e-01
200 1 1 3.327150e-01 2.310469e-01 -4.427145e-01
201 1 1 -1.816260e-01 1.323009e-01 -4.158795e-01
202 1 1 2.877240e-01 -2.626671e-01 -4.390325e-01
203 1 1 4.046220e-01 2.287363e+00 -1.216148e+00
204 1 1 1.253826e+00 1.656846e+00 -1.129917e+00
205 1 1 -5.372550e-01 1.334450e+00 -8.317475e-01
206 1 1 -1.333870e-01 1.611335e+00 -9.194855e-01
207 1 1 2.592180e-01 1.335913e+00 -7.934375e-01
208 1 1 8.182900e-01 1.394766e+00 -9.188725e-01
209 1 1 1.418194e+00 1.191759e+00 -1.031452e+00
210 1 1 8.787970e-01 1.952241e+00 -1.154775e+00
211 1 1 3.887250e-01 1.795527e+00 -1.025294e+00
212 1 1 -1.321940e-01 2.089913e+00 -1.137138e+00
213 1 1 1.441243e+00 -3.546759e+00 4.472005e-01
214 1 1 9.858350e-01 -3.760271e+00 2.488295e-01
215 1 1 1.978763e+00 -3.335701e+00 -2.837735e-01
216 1 1 8.873620e-01 -3.578832e+00 7.236225e-01
217 1 1 4.218190e-01 -3.439129e+00 9.907295e-01
218 1 1 1.307686e+00 -3.325284e+00 8.772235e-01
219 1 1 8.911430e-01 -3.167460e+00 1.126603e+00
220 1 1 1.456183e+00 -2.919522e+00 1.143772e+00
221 1 1 1.798345e+00 -3.190935e+00 7.602425e-01
222 1 1 1.981747e+00 -2.748578e+00 1.056771e+00
223 1 1 2.473716e+00 -2.519255e+00 9.247885e-01
224 1 1 1.507780e+00 -3.467825e+00 -5.517775e-01
225 1 1 2.254570e+00 -2.991924e+00 6.245295e-01
226 1 1 1.941930e+00 -3.363438e+00 2.655175e-01
227 1 1 -5.635299e-02 -3.214395e+00 1.170107e+00
228 1 1 4.358420e-01 -2.945907e+00 1.258703e+00
229 1 1 9.842810e-01 -2.680260e+00 1.279328e+00
230 1 1 1.530233e+00 -2.433507e+00 1.277097e+00
231 1 1 1.516910e+00 -3.606496e+00 -4.975047e-02
232 1 1 4.382150e-01 -3.769298e+00 5.271895e-01
233 1 1 5.096960e-01 -2.417388e+00 1.255755e+00
234 1 1 1.049019e+00 -2.158147e+00 1.239449e+00
235 1 1 1.581609e+00 -1.904639e+00 1.256797e+00
236 1 1 2.050306e+00 -2.246697e+00 1.241610e+00
237 1 1 -2.038097e+00 -2.913061e-01 -1.122113e+00
238 1 1 -1.169199e+00 -1.528791e-01 -7.068895e-01
239 1 1 -2.450095e+00 -5.962491e-01 -1.261917e+00
240 1 1 -1.882324e+00 -1.401721e+00 -1.221993e+00
241 1 1 -1.934444e+00 -8.715551e-01 -1.146672e+00
242 1 1 -4.083580e-01 -1.854268e+00 -1.051016e+00
243 1 1 -1.392163e+00 -2.232636e+00 -1.275868e+00
244 1 1 -1.406989e+00 -1.133241e+00 -1.009296e+00
245 1 1 -8.223390e-01 -1.061745e+00 -7.826455e-01
246 1 1 -1.858577e+00 -2.535711e+00 -1.198974e+00
247 1 1 -2.929315e+00 -9.177821e-01 -1.226793e+00
248 1 1 -2.406687e+00 -1.149212e+00 -1.278713e+00
249 1 1 -9.152870e-01 -1.512564e+00 -9.903315e-01
250 1 1 -9.099140e-01 -2.019516e+00 -1.179971e+00
251 1 1 -1.396453e+00 -1.676936e+00 -1.168662e+00
252 1 1 -1.872581e+00 -1.961315e+00 -1.280544e+00
253 1 1 -2.369613e+00 -1.699583e+00 -1.266206e+00
254 1 1 -9.065980e-01 -2.564525e+00 -1.280699e+00
255 1 1 -1.593309e+00 -5.232731e-01 -9.476065e-01
256 1 1 -1.382787e+00 -2.784508e+00 -1.213565e+00
257 1 1 -1.173411e+00 -6.995751e-01 -7.945015e-01
258 1 1 -7.258720e-01 -5.160911e-01 -5.842405e-01
259 1 1 -9.533970e-01 -3.536729e+00 -7.542215e-01
260 1 1 -3.029880e-04 -3.657875e+00 -7.624095e-01
261 1 1 1.005601e-02 -3.883688e+00 -2.596875e-01
262 1 1 -5.051030e-01 -3.880272e+00 -4.344659e-04
263 1 1 5.140780e-01 -3.767917e+00 -5.047055e-01
264 1 1 5.027140e-01 -3.881004e+00 1.139353e-02
265 1 1 1.415605e+00 -3.162210e+00 -9.869225e-01
266 1 1 1.028918e+00 -3.746121e+00 -2.560635e-01
267 1 1 -1.333606e+00 -3.249175e+00 -9.387825e-01
268 1 1 -4.742470e-01 -3.760021e+00 -5.325885e-01
269 1 1 -3.009999e-02 -3.879235e+00 2.825445e-01
270 1 1 -5.163480e-01 -3.745816e+00 5.550215e-01
271 1 1 -1.393630e+00 -3.654549e+00 -4.959947e-02
272 1 1 -9.713950e-01 -3.757465e+00 2.733565e-01
273 1 1 1.004246e+00 -3.548090e+00 -7.189575e-01
274 1 1 4.626270e-01 -3.476136e+00 -9.455115e-01
275 1 1 9.086300e-01 -3.225048e+00 -1.081318e+00
276 1 1 7.488012e-03 -3.238462e+00 -1.153046e+00
277 1 1 4.911720e-01 -2.985485e+00 -1.242069e+00
278 1 1 -8.921160e-01 -3.106626e+00 -1.156200e+00
279 1 1 -4.877299e-02 -3.635836e+00 7.969645e-01
280 1 1 -1.020035e+00 -3.517023e+00 7.599315e-01
281 1 1 -4.708090e-01 -3.428873e+00 -9.895825e-01
282 1 1 -9.763750e-01 -3.748266e+00 -3.000585e-01
283 1 1 -4.295960e-01 -2.911439e+00 -1.261773e+00
284 1 1 1.068855e+00 -3.128910e-02 6.608875e-01
285 1 1 5.459250e-01 1.381979e-01 4.824305e-01
286 1 1 8.403040e-01 5.187199e-01 6.272645e-01
287 1 1 2.516550e-01 5.910949e-01 5.052725e-01
288 1 1 2.407050e+00 -7.881961e-01 1.267484e+00
289 1 1 1.928467e+00 -6.179551e-01 1.110788e+00
290 1 1 1.564907e+00 -2.123311e-01 9.024745e-01
291 1 1 -2.916110e-01 -3.690581e-01 4.600265e-01
292 1 1 -3.506060e-01 -8.768421e-01 6.087225e-01
293 1 1 2.045620e+00 -1.160642e+00 1.226970e+00
294 1 1 1.550218e+00 -8.513451e-01 9.943705e-01
295 1 1 1.108469e+00 -1.144170e+00 9.085905e-01
296 1 1 6.102820e-01 -1.425518e+00 8.876025e-01
297 1 1 1.358840e-01 -1.193185e+00 7.189555e-01
298 1 1 -7.561799e-02 1.688639e-01 4.162245e-01
299 1 1 2.166710e-01 -2.380351e-01 4.320175e-01
300 1 1 1.801750e-01 -7.237941e-01 5.357375e-01
301 1 1 6.964920e-01 -4.133821e-01 5.578335e-01
302 1 1 6.699270e-01 -9.226971e-01 6.912975e-01
303 1 1 2.100082e+00 -1.686636e+00 1.284169e+00
304 1 1 1.581279e+00 -1.386443e+00 1.142220e+00
305 1 1 1.087650e+00 -1.653319e+00 1.090649e+00
306 1 1 1.161294e+00 -5.845091e-01 7.656635e-01
307 1 1 3.538842e+00 -3.907191e-01 8.902515e-01
308 1 1 3.123969e+00 -3.831881e-01 1.202012e+00
309 1 1 3.722394e+00 -8.838541e-01 -4.461665e-01
310 1 1 3.424733e+00 -1.061363e+00 -8.569745e-01
311 1 1 3.739587e+00 9.297890e-02 6.309505e-01
312 1 1 3.271656e+00 -1.820948e+00 6.272005e-01
313 1 1 2.589099e+00 -1.386443e+00 1.267203e+00
314 1 1 3.908149e+00 -7.725510e-02 8.342853e-02
315 1 1 3.867696e+00 2.666529e-01 -2.811105e-01
316 1 1 3.856110e+00 4.538889e-01 2.595415e-01
317 1 1 2.897820e+00 -8.891841e-01 1.244468e+00
318 1 1 3.539698e+00 -1.655415e+00 1.127905e-01
319 1 1 3.028051e+00 -1.237777e+00 -1.133716e+00
320 1 1 3.373238e+00 -8.849961e-01 9.682265e-01
321 1 1 3.729840e+00 -1.176536e+00 6.353553e-02
322 1 1 3.140438e+00 -1.354612e+00 1.030097e+00
323 1 1 3.391145e+00 1.203129e-01 1.051313e+00
324 1 1 3.800933e+00 -3.980731e-01 4.601705e-01
325 1 1 3.687357e+00 -8.828881e-01 5.317615e-01
326 1 1 3.856863e+00 -6.556871e-01 1.037053e-02
327 1 1 3.546369e+00 -5.251981e-01 -8.568905e-01
328 1 1 3.505184e+00 -1.356957e+00 5.996685e-01
329 1 1 3.823885e+00 -3.169721e-01 -4.151265e-01
330 1 1 3.563530e+00 -1.415372e+00 -4.247845e-01
331 1 1 -2.823614e+00 -2.547084e+00 5.033175e-01
332 1 1 -2.382995e+00 -2.062591e+00 1.199569e+00
333 1 1 -2.782715e+00 -2.203917e+00 9.006755e-01
334 1 1 -1.854137e+00 -3.444547e+00 -1.771247e-02
335 1 1 -2.790152e+00 -1.982318e+00 -1.021601e+00
336 1 1 -1.516764e+00 -3.478368e+00 -5.203305e-01
337 1 1 -1.969957e+00 -2.920353e+00 9.314335e-01
338 1 1 -3.132949e+00 -2.336882e+00 7.070153e-02
339 1 1 -2.223376e+00 -2.786912e+00 -8.796585e-01
340 1 1 -2.027428e+00 -3.226143e+00 -4.833635e-01
341 1 1 -2.405171e+00 -2.576327e+00 9.288765e-01
342 1 1 -1.787688e+00 -3.052845e+00 -9.110925e-01
343 1 1 -2.874739e+00 -1.454017e+00 -1.160461e+00
344 1 1 -2.710913e+00 -2.814021e+00 9.481353e-02
345 1 1 -2.392702e+00 -2.936271e+00 5.379525e-01
346 1 1 -1.480718e+00 -3.529308e+00 4.464265e-01
347 1 1 -2.297319e+00 -3.165226e+00 3.779153e-02
348 1 1 -2.643251e+00 -2.490882e+00 -7.952355e-01
349 1 1 -2.476312e+00 -2.924832e+00 -4.262185e-01
350 1 1 -2.883131e+00 -2.580640e+00 -3.080005e-01
351 1 1 -3.220407e+00 -1.703356e+00 -7.785285e-01
352 1 1 -3.052051e+00 -2.201364e+00 -5.822475e-01
353 1 1 -2.320150e+00 -2.255854e+00 -1.153132e+00
354 1 1 -3.340536e+00 -1.960967e+00 -2.889475e-01
355 1 1 -1.954362e+00 -3.265477e+00 4.988545e-01
356 1 1 2.921564e+00 -2.263394e+00 7.098955e-01
357 1 1 2.161154e+00 -1.831078e+00 -1.277128e+00
358 1 1 2.919497e+00 -1.796946e+00 1.023482e+00
359 1 1 3.220975e+00 -1.615579e+00 -8.351755e-01
360 1 1 3.066974e+00 -2.352664e+00 -3.314675e-01
361 1 1 2.739094e+00 -2.780518e+00 -1.536655e-01
362 1 1 3.000373e+00 -2.484023e+00 2.075895e-01
363 1 1 2.663249e+00 -2.749830e+00 4.476055e-01
364 1 1 1.894345e+00 -3.096549e+00 -8.015085e-01
365 1 1 2.529321e+00 -2.015729e+00 1.159679e+00
366 1 1 2.687934e+00 -2.561695e+00 -6.777455e-01
367 1 1 2.378134e+00 -3.104873e+00 8.087253e-02
368 1 1 2.175388e+00 -1.318736e+00 -1.264850e+00
369 1 1 2.359039e+00 -2.994776e+00 -4.829335e-01
370 1 1 3.348462e+00 -1.911804e+00 -3.626405e-01
371 1 1 2.976116e+00 -2.063476e+00 -8.122875e-01
372 1 1 2.698233e+00 -1.658775e+00 -1.189130e+00
373 1 1 2.042906e+00 -2.346500e+00 -1.213277e+00
374 1 1 1.613656e+00 -2.095110e+00 -1.276860e+00
375 1 1 3.281321e+00 -2.106300e+00 1.825825e-01
376 1 1 1.637088e+00 -2.696340e+00 -1.195217e+00
377 1 1 2.541371e+00 -2.201013e+00 -1.072739e+00
378 1 1 2.222097e+00 -2.713491e+00 -9.451985e-01
379 1 1 -3.729107e+00 1.050007e+00 2.797975e-01
380 1 1 -3.864715e+00 5.776959e-01 1.372153e-02
381 1 1 -3.498935e+00 9.841509e-01 7.909015e-01
382 1 1 -3.417188e+00 5.158269e-01 9.937805e-01
383 1 1 -3.480821e+00 1.495449e+00 -5.224335e-01
384 1 1 -3.005128e+00 2.409409e-01 -1.243523e+00
385 1 1 -3.030588e+00 8.498539e-01 1.199840e+00
386 1 1 -3.767115e+00 5.504499e-01 -4.812085e-01
387 1 1 -3.709950e+00 -4.088691e-01 -6.360945e-01
388 1 1 -3.217973e+00 1.330197e+00 -9.638405e-01
389 1 1 -3.154354e+00 1.893843e+00 -7.210635e-01
390 1 1 -3.726371e+00 1.068977e+00 -2.645395e-01
391 1 1 -3.894652e+00 1.732390e-02 -1.745905e-01
392 1 1 -3.716641e+00 8.214490e-02 -6.612495e-01
393 1 1 -3.728554e+00 5.605249e-01 5.663865e-01
394 1 1 -3.853639e+00 1.472099e-01 3.482645e-01
395 1 1 -3.452378e+00 4.417159e-01 -9.660665e-01
396 1 1 -3.482514e+00 1.480553e+00 5.361435e-01
397 1 1 -3.590010e+00 1.541518e+00 1.224853e-02
398 1 1 -3.387546e+00 -1.183881e-01 -1.047314e+00
399 1 1 -2.944167e+00 -3.505581e-01 -1.256239e+00
400 1 1 -3.109355e+00 7.968379e-01 -1.165376e+00
401 1 1 -3.521617e+00 9.530839e-01 -7.676485e-01
402 1 1 -3.343874e+00 1.979163e+00 -2.187295e-01
403 1 1 -3.204053e+00 1.314563e+00 9.862925e-01
404 1 1 -2.544457e+00 2.436207e+00 9.257045e-01
405 1 1 -2.995327e+00 2.340702e+00 -4.918255e-01
406 1 1 -3.099246e+00 2.371248e+00 1.009035e-01
407 1 1 -2.802525e+00 1.446227e+00 1.196898e+00
408 1 1 -3.328807e+00 1.951993e+00 3.353355e-01
409 1 1 -2.156324e+00 2.117533e+00 1.245252e+00
410 1 1 -1.574182e+00 2.243364e+00 1.285165e+00
411 1 1 -2.446055e+00 3.042596e+00 -7.155747e-02
412 1 1 -2.180798e+00 3.104100e+00 -5.092085e-01
413 1 1 -1.531169e+00 2.743337e+00 1.201842e+00
414 1 1 -3.115000e+00 1.820282e+00 8.258725e-01
415 1 1 -2.303893e+00 1.595898e+00 1.283118e+00
416 1 1 -1.756585e+00 1.731305e+00 1.256374e+00
417 1 1 -2.950464e+00 2.297929e+00 6.234375e-01
418 1 1 -2.694517e+00 2.739607e+00 3.867625e-01
419 1 1 -2.584456e+00 2.720285e+00 -5.953345e-01
420 1 1 -2.810568e+00 2.701893e+00 -1.315225e-01
421 1 1 -1.409421e+00 3.238513e+00 9.155475e-01
422 1 1 -1.876860e+00 3.061972e+00 8.460235e-01
423 1 1 -1.727936e+00 3.410958e+00 4.399535e-01
424 1 1 -2.028285e+00 2.593011e+00 1.120806e+00
425 1 1 -2.687576e+00 1.974209e+00 1.091921e+00
426 1 1 -2.332914e+00 2.843959e+00 7.259015e-01
427 1 1 -2.205494e+00 3.160352e+00 3.508575e-01
428 1 1 -3.943750e-01 -1.360025e+00 8.218775e-01
429 1 1 -8.634030e-01 -1.004917e+00 7.783315e-01
430 1 1 -1.350330e+00 -1.145606e+00 9.965475e-01
431 1 1 -1.953983e+00 -2.431306e+00 1.213528e+00
432 1 1 5.654290e-01 -1.912900e+00 1.097467e+00
433 1 1 8.280401e-02 -1.664480e+00 9.448005e-01
434 1 1 -4.383510e-01 -1.848268e+00 1.055715e+00
435 1 1 -8.996120e-01 -1.510353e+00 9.898475e-01
436 1 1 -1.391557e+00 -1.673849e+00 1.170967e+00
437 1 1 -1.841733e+00 -1.318551e+00 1.201638e+00
438 1 1 -1.756088e+00 -7.612271e-01 1.063658e+00
439 1 1 -2.365700e+00 -1.536884e+00 1.282062e+00
440 1 1 3.429201e-02 -2.149121e+00 1.160143e+00
441 1 1 -4.883240e-01 -2.361688e+00 1.242640e+00
442 1 1 -9.456890e-01 -2.028411e+00 1.192144e+00
443 1 1 -1.448317e+00 -2.227216e+00 1.282225e+00
444 1 1 -5.428250e-01 -3.409744e+00 1.001533e+00
445 1 1 -2.633899e-02 -2.670732e+00 1.283051e+00
446 1 1 -5.305350e-01 -2.917252e+00 1.261465e+00
447 1 1 -9.941590e-01 -2.579669e+00 1.284922e+00
448 1 1 -1.499052e+00 -2.776531e+00 1.198449e+00
449 1 1 -1.029110e+00 -3.112600e+00 1.133489e+00
450 1 1 -1.511007e+00 -3.229339e+00 8.846145e-01
451 1 1 -1.888320e+00 -1.868162e+00 1.282252e+00
452 1 1 -1.594178e+00 4.664890e-02 -9.078725e-01
453 1 1 -2.522427e+00 3.442900e-03 -1.262210e+00
454 1 1 -2.074378e+00 2.430669e-01 -1.134439e+00
455 1 1 -2.575462e+00 6.094499e-01 -1.277491e+00
456 1 1 -2.072192e+00 7.266779e-01 -1.175040e+00
457 1 1 -2.760367e+00 1.182239e+00 -1.246544e+00
458 1 1 -1.265510e+00 9.776559e-01 -9.107645e-01
459 1 1 -2.281403e+00 1.184307e+00 -1.269653e+00
460 1 1 -1.949474e+00 1.637771e+00 -1.266254e+00
461 1 1 -1.590535e+00 5.615329e-01 -9.533815e-01
462 1 1 -1.731082e+00 1.119767e+00 -1.124097e+00
463 1 1 -1.438275e+00 1.550662e+00 -1.145382e+00
464 1 1 -2.454028e+00 1.730826e+00 -1.246396e+00
465 1 1 -2.878163e+00 1.715994e+00 -1.076036e+00
466 1 1 -2.179351e+00 2.186854e+00 -1.219492e+00
467 1 1 -1.101680e+00 4.158609e-01 -7.068335e-01
468 1 1 -1.630276e+00 2.080507e+00 -1.277337e+00
469 1 1 -9.927870e-01 1.437941e+00 -9.831845e-01
470 1 1 -1.097268e+00 1.989817e+00 -1.201012e+00
471 1 1 -1.763538e+00 2.592911e+00 -1.200181e+00
472 1 1 -2.259272e+00 2.654391e+00 -9.594795e-01
473 1 1 -2.683244e+00 2.238151e+00 -9.511635e-01
474 1 1 -6.157310e-01 1.851428e+00 -1.077417e+00
475 1 1 1.896075e+00 3.075005e+00 8.214175e-01
476 1 1 2.132633e+00 2.649066e+00 1.042621e+00
477 1 1 2.580781e+00 2.531276e+00 8.194625e-01
478 1 1 3.159187e+00 1.594366e+00 9.122945e-01
479 1 1 3.407367e+00 1.091409e+00 8.679415e-01
480 1 1 3.049357e+00 1.927298e+00 -8.259525e-01
481 1 1 3.187660e+00 2.175741e+00 -3.389235e-01
482 1 1 2.721257e+00 1.704544e+00 1.170227e+00
483 1 1 2.957271e+00 1.165720e+00 1.186849e+00
484 1 1 3.602422e+00 5.875009e-01 7.748725e-01
485 1 1 2.355540e+00 2.944116e+00 5.678635e-01
486 1 1 2.888269e+00 2.612442e+00 -1.814255e-01
487 1 1 2.539052e+00 2.969860e+00 5.677553e-02
488 1 1 3.142792e+00 2.292543e+00 2.137095e-01
489 1 1 2.816392e+00 2.616477e+00 3.899225e-01
490 1 1 1.891577e+00 2.223859e+00 1.269611e+00
491 1 1 2.435577e+00 2.154006e+00 1.147561e+00
492 1 1 3.274788e+00 1.915774e+00 5.206225e-01
493 1 1 3.721313e+00 9.679939e-01 3.926255e-01
494 1 1 3.448885e+00 1.841458e+00 2.508353e-02
495 1 1 3.421789e+00 1.677017e+00 -4.783535e-01
496 1 1 3.668642e+00 1.351953e+00 -3.594347e-02
497 1 1 3.523468e+00 1.458774e+00 4.762715e-01
498 1 1 2.924281e+00 2.144746e+00 8.048005e-01

Angles

1 1 277 282 280
2 1 25 275 282
3 1 282 275 280
4 1 274 273 276
5 1 276 273 275
6 1 273 274 272
7 1 352 251 245
8 1 255 242 253
9 1 255 245 242
10 1 282 253 27
11 1 282 277 253
12 1 277 255 253
13 1 26 276 25
14 1 25 276 275
15 1 31 276 26
16 1 31 274 276
17 1 264 274 31
18 1 32 375 31
19 1 264 272 274
20 1 377 363 375
21 1 375 264 31
22 1 377 375 372
23 1 342 252 334
24 1 352 252 251
25 1 242 245 251
26 1 352 334 252
27 1 250 242 251
28 1 250 249 242
29 1 249 253 242
30 1 27 25 282
31 1 249 27 253
32 1 28 25 27
33 1 28 26 25
34 1 29 26 28
35 1 29 32 26
36 1 32 31 26
37 1 30 32 29
38 1 373 32 30
39 1 375 32 373
40 1 372 375 373
41 1 376 377 372
42 1 371 370 376
43 1 356 376 372
44 1 370 371 358
45 1 246 247 342
46 1 342 247 252
47 1 240 239 247
48 1 247 239 252
49 1 239 251 252
50 1 250 251 239
51 1 40 373 30
52 1 356 373 40
53 1 41 367 40
54 1 356 372 373
55 1 371 376 356
56 1 367 371 356
57 1 318 371 160
58 1 318 358 371
59 1 397 398 168
60 1 246 398 238
61 1 247 246 238
62 1 246 168 398
63 1 236 240 238
64 1 238 240 247
65 1 367 356 40
66 1 160 371 367
67 1 153 160 367
68 1 156 155 157
69 1 155 160 157
70 1 155 318 160
71 1 397 394 383
72 1 398 397 383
73 1 452 398 383
74 1 452 238 398
75 1 453 236 452
76 1 452 236 238
77 1 142 143 156
78 1 157 142 156
79 1 141 156 143
80 1 156 141 155
81 1 141 326 155
82 1 326 141 162
83 1 394 399 383
84 1 394 400 399
85 1 454 383 399
86 1 454 452 383
87 1 455 453 454
88 1 454 453 452
89 1 147 143 142
90 1 147 146 143
91 1 148 159 146
92 1 143 159 141
93 1 146 159 143
94 1 162 141 159
95 1 387 399 400
96 1 456 399 387
97 1 456 454 399
98 1 458 454 456
99 1 455 454 458
100 1 459 461 458
101 1 461 455 458
102 1 461 459 462
103 1 100 154 151
104 1 151 154 144
105 1 146 147 144
106 1 147 151 144
107 1 150 152 146
108 1 144 150 146
109 1 464 463 456
110 1 456 463 458
111 1 459 458 463
112 1 465 459 463
113 1 467 459 465
114 1 467 469 462
115 1 467 462 459
116 1 468 462 469
117 1 209 97 203
118 1 100 97 93
119 1 154 100 93
120 1 100 203 97
121 1 92 154 93
122 1 92 150 154
123 1 479 150 92
124 1 154 150 144
125 1 472 463 464
126 1 465 463 472
127 1 471 465 472
128 1 470 465 471
129 1 467 465 470
130 1 88 467 470
131 1 469 467 88
132 1 75 80 88
133 1 80 469 88
134 1 202 211 79
135 1 79 80 81
136 1 102 202 79
137 1 102 103 202
138 1 103 102 114
139 1 97 209 103
140 1 97 103 104
141 1 105 97 104
142 1 105 93 97
143 1 106 93 105
144 1 106 107 92
145 1 106 92 93
146 1 479 92 107
147 1 78 470 471
148 1 77 470 78
149 1 77 88 470
150 1 75 88 77
151 1 75 81 80
152 1 74 73 81
153 1 75 74 81
154 1 73 79 81
155 1 113 114 102
156 1 73 113 102
157 1 73 102 79
158 1 112 104 114
159 1 114 104 103
160 1 111 105 112
161 1 112 105 104
162 1 106 105 111
163 1 72 113 73
164 1 72 73 74
165 1 281 267 261
166 1 260 261 267
167 1 259 260 267
168 1 262 260 259
169 1 262 263 260
170 1 263 262 265
171 1 338 341 339
172 1 335 341 266
173 1 335 339 341
174 1 280 258 277
175 1 280 267 258
176 1 258 266 277
177 1 258 335 266
178 1 275 259 280
179 1 280 259 267
180 1 273 262 259
181 1 275 273 259
182 1 265 262 272
183 1 264 223 272
184 1 272 262 273
185 1 223 265 272
186 1 214 223 363
187 1 368 214 363
188 1 214 368 366
189 1 349 347 348
190 1 245 341 338
191 1 352 245 338
192 1 338 347 352
193 1 338 348 347
194 1 255 341 245
195 1 255 266 341
196 1 266 255 277
197 1 363 223 264
198 1 368 363 377
199 1 375 363 264
200 1 365 368 377
201 1 376 365 377
202 1 360 368 365
203 1 360 366 368
204 1 360 365 359
205 1 353 350 351
206 1 347 351 334
207 1 334 350 342
208 1 351 350 334
209 1 349 351 347
210 1 347 334 352
211 1 249 250 248
212 1 241 27 249
213 1 248 241 249
214 1 28 27 241
215 1 33 28 241
216 1 34 29 33
217 1 33 29 28
218 1 30 29 34
219 1 365 376 370
220 1 369 374 359
221 1 358 369 370
222 1 369 359 370
223 1 370 359 365
224 1 374 369 317
225 1 173 174 350
226 1 353 173 350
227 1 350 174 342
228 1 342 174 246
229 1 239 240 243
230 1 244 248 243
231 1 243 250 239
232 1 248 250 243
233 1 37 248 244
234 1 37 241 248
235 1 38 33 37
236 1 37 33 241
237 1 39 34 38
238 1 38 34 33
239 1 42 30 34
240 1 39 42 34
241 1 42 40 30
242 1 41 40 42
243 1 369 358 329
244 1 309 358 318
245 1 320 317 329
246 1 329 317 369
247 1 164 386 163
248 1 168 163 386
249 1 174 163 168
250 1 397 168 386
251 1 173 163 174
252 1 174 168 246
253 1 243 240 254
254 1 254 240 236
255 1 256 243 254
256 1 256 244 243
257 1 257 244 256
258 1 257 24 244
259 1 24 37 244
260 1 24 38 37
261 1 24 45 38
262 1 39 38 45
263 1 44 39 45
264 1 43 39 44
265 1 36 41 43
266 1 43 42 39
267 1 43 41 42
268 1 36 153 41
269 1 153 367 41
270 1 157 160 153
271 1 329 358 309
272 1 309 318 155
273 1 308 329 309
274 1 308 320 329
275 1 390 391 386
276 1 164 390 386
277 1 394 397 391
278 1 391 397 386
279 1 254 236 451
280 1 451 236 453
281 1 237 254 451
282 1 237 256 254
283 1 237 257 256
284 1 237 189 257
285 1 188 43 44
286 1 36 43 188
287 1 187 140 188
288 1 140 36 188
289 1 149 153 36
290 1 140 149 36
291 1 153 149 157
292 1 157 149 142
293 1 309 155 326
294 1 328 308 326
295 1 162 328 326
296 1 308 309 326
297 1 390 385 391
298 1 390 379 385
299 1 400 394 385
300 1 385 394 391
301 1 451 453 460
302 1 460 453 455
303 1 466 237 451
304 1 460 466 451
305 1 189 237 466
306 1 190 191 466
307 1 191 189 466
308 1 191 190 192
309 1 195 193 194
310 1 187 193 196
311 1 140 187 196
312 1 187 194 193
313 1 158 140 196
314 1 158 149 140
315 1 142 158 147
316 1 142 149 158
317 1 139 148 161
318 1 139 159 148
319 1 139 314 162
320 1 139 162 159
321 1 389 385 379
322 1 389 400 385
323 1 389 382 400
324 1 382 387 400
325 1 382 388 387
326 1 464 387 388
327 1 460 455 461
328 1 457 461 462
329 1 457 460 461
330 1 466 460 457
331 1 468 190 457
332 1 457 190 466
333 1 192 190 204
334 1 205 206 192
335 1 205 192 204
336 1 193 195 207
337 1 207 195 206
338 1 210 206 205
339 1 208 193 207
340 1 208 196 193
341 1 196 208 151
342 1 158 196 151
343 1 151 208 100
344 1 158 151 147
345 1 161 148 152
346 1 152 148 146
347 1 494 161 152
348 1 495 145 161
349 1 401 404 388
350 1 382 401 388
351 1 387 464 456
352 1 388 404 472
353 1 457 462 468
354 1 473 468 469
355 1 473 204 468
356 1 204 190 468
357 1 211 205 473
358 1 473 205 204
359 1 210 205 211
360 1 210 207 206
361 1 203 207 209
362 1 203 208 207
363 1 207 210 209
364 1 208 203 100
365 1 152 479 494
366 1 152 150 479
367 1 493 495 494
368 1 494 495 161
369 1 405 404 401
370 1 418 472 404
371 1 405 419 404
372 1 388 472 464
373 1 419 418 404
374 1 471 472 418
375 1 473 469 80
376 1 211 80 79
377 1 211 473 80
378 1 209 202 103
379 1 210 211 202
380 1 210 202 209
381 1 107 106 95
382 1 485 107 95
383 1 485 480 107
384 1 480 479 107
385 1 480 494 479
386 1 493 494 480
387 1 410 418 419
388 1 411 78 471
389 1 410 70 411
390 1 418 410 411
391 1 418 411 471
392 1 71 78 411
393 1 71 77 78
394 1 82 77 71
395 1 82 75 77
396 1 74 75 82
397 1 114 113 110
398 1 109 112 110
399 1 110 112 114
400 1 108 111 112
401 1 109 108 112
402 1 101 111 108
403 1 101 95 111
404 1 95 106 111
405 1 486 95 101
406 1 485 95 486
407 1 76 71 70
408 1 86 71 76
409 1 70 71 411
410 1 82 71 86
411 1 89 82 86
412 1 89 74 82
413 1 89 83 72
414 1 89 72 74
415 1 98 113 90
416 1 90 113 72
417 1 110 113 98
418 1 96 109 98
419 1 98 109 110
420 1 94 109 96
421 1 94 108 109
422 1 101 108 94
423 1 345 270 271
424 1 269 271 261
425 1 261 271 281
426 1 267 281 258
427 1 268 269 261
428 1 260 268 261
429 1 268 260 263
430 1 231 268 263
431 1 213 263 265
432 1 230 213 265
433 1 213 231 263
434 1 217 215 212
435 1 340 330 344
436 1 333 354 346
437 1 339 333 346
438 1 339 346 348
439 1 281 270 335
440 1 335 270 333
441 1 335 333 339
442 1 281 335 258
443 1 230 265 223
444 1 230 223 214
445 1 225 212 230
446 1 225 230 214
447 1 225 214 366
448 1 224 225 366
449 1 332 167 330
450 1 343 349 348
451 1 346 343 348
452 1 343 337 349
453 1 343 330 337
454 1 339 348 338
455 1 362 224 366
456 1 360 362 366
457 1 361 360 359
458 1 361 362 360
459 1 337 353 351
460 1 337 167 166
461 1 337 166 353
462 1 337 351 349
463 1 374 361 359
464 1 374 355 361
465 1 311 355 374
466 1 317 311 374
467 1 186 170 169
468 1 166 173 353
469 1 166 169 173
470 1 169 165 173
471 1 311 317 327
472 1 327 317 320
473 1 165 170 164
474 1 163 165 164
475 1 170 171 164
476 1 165 163 173
477 1 24 257 35
478 1 201 45 35
479 1 35 45 24
480 1 44 45 201
481 1 320 308 325
482 1 324 320 325
483 1 327 320 324
484 1 324 325 323
485 1 171 390 164
486 1 171 393 390
487 1 35 189 200
488 1 35 257 189
489 1 201 200 199
490 1 201 35 200
491 1 198 44 201
492 1 199 198 201
493 1 198 188 44
494 1 194 187 198
495 1 313 328 314
496 1 325 308 328
497 1 313 323 325
498 1 328 313 325
499 1 393 379 390
500 1 393 392 379
501 1 200 189 191
502 1 197 191 192
503 1 197 199 200
504 1 197 200 191
505 1 198 199 194
506 1 194 199 197
507 1 194 197 195
508 1 188 198 187
509 1 314 139 145
510 1 314 328 162
511 1 315 314 145
512 1 315 313 314
513 1 378 379 392
514 1 378 396 389
515 1 378 389 379
516 1 382 389 396
517 1 206 195 192
518 1 195 197 192
519 1 492 495 496
520 1 492 145 495
521 1 145 139 161
522 1 315 145 492
523 1 380 395 378
524 1 396 401 382
525 1 396 395 407
526 1 396 407 401
527 1 496 493 491
528 1 496 495 493
529 1 405 401 407
530 1 416 405 407
531 1 417 419 405
532 1 416 417 405
533 1 487 485 488
534 1 487 480 485
535 1 487 493 480
536 1 487 491 493
537 1 410 419 417
538 1 425 426 417
539 1 426 70 410
540 1 417 426 410
541 1 486 101 99
542 1 484 486 99
543 1 488 486 484
544 1 488 485 486
545 1 422 76 70
546 1 426 422 70
547 1 91 76 422
548 1 91 85 76
549 1 85 86 76
550 1 85 84 86
551 1 84 89 86
552 1 83 89 84
553 1 83 90 72
554 1 68 90 83
555 1 22 98 90
556 1 96 98 22
557 1 21 96 22
558 1 20 96 21
559 1 18 94 20
560 1 20 94 96
561 1 99 101 94
562 1 18 99 94
563 1 69 84 85
564 1 68 83 84
565 1 69 68 84
566 1 17 22 68
567 1 68 22 90
568 1 21 22 17
569 1 271 270 281
570 1 443 279 269
571 1 271 279 345
572 1 269 279 271
573 1 278 269 268
574 1 278 443 269
575 1 215 216 231
576 1 231 216 278
577 1 231 278 268
578 1 212 215 213
579 1 213 215 231
580 1 212 213 230
581 1 344 343 346
582 1 354 344 346
583 1 354 336 344
584 1 336 340 344
585 1 345 333 270
586 1 345 354 333
587 1 449 354 345
588 1 449 345 279
589 1 216 215 218
590 1 219 218 217
591 1 217 218 215
592 1 220 212 225
593 1 220 219 217
594 1 220 217 212
595 1 221 220 224
596 1 224 220 225
597 1 330 167 337
598 1 340 332 330
599 1 332 340 331
600 1 343 344 330
601 1 340 430 331
602 1 430 340 336
603 1 222 224 362
604 1 222 221 224
605 1 355 362 361
606 1 355 222 362
607 1 332 185 167
608 1 167 185 184
609 1 167 184 166
610 1 185 332 331
611 1 364 222 355
612 1 357 364 355
613 1 321 357 311
614 1 311 357 355
615 1 169 170 165
616 1 184 169 166
617 1 184 186 169
618 1 182 186 184
619 1 321 327 319
620 1 321 311 327
621 1 186 180 181
622 1 170 186 181
623 1 170 181 171
624 1 180 186 182
625 1 291 290 126
626 1 299 298 290
627 1 291 299 290
628 1 301 300 299
629 1 299 300 298
630 1 305 300 301
631 1 319 327 324
632 1 306 319 324
633 1 307 319 306
634 1 306 324 323
635 1 181 178 171
636 1 171 178 393
637 1 123 126 124
638 1 124 126 290
639 1 297 290 298
640 1 297 124 290
641 1 284 297 298
642 1 300 284 298
643 1 283 300 305
644 1 283 284 300
645 1 322 306 310
646 1 322 307 306
647 1 306 323 310
648 1 310 323 313
649 1 178 392 393
650 1 392 381 380
651 1 178 381 392
652 1 384 380 381
653 1 121 123 124
654 1 122 121 124
655 1 297 122 124
656 1 297 286 122
657 1 285 286 284
658 1 284 286 297
659 1 55 285 283
660 1 283 285 284
661 1 63 322 483
662 1 483 322 310
663 1 310 315 483
664 1 310 313 315
665 1 380 378 392
666 1 380 402 395
667 1 406 402 384
668 1 384 402 380
669 1 121 122 118
670 1 129 122 286
671 1 129 118 122
672 1 56 129 286
673 1 285 56 286
674 1 56 285 64
675 1 492 496 478
676 1 63 483 478
677 1 483 492 478
678 1 315 492 483
679 1 395 396 378
680 1 406 413 402
681 1 402 413 395
682 1 413 407 395
683 1 478 496 477
684 1 477 496 491
685 1 424 416 413
686 1 413 416 407
687 1 403 416 424
688 1 403 417 416
689 1 497 488 476
690 1 497 487 488
691 1 477 491 497
692 1 497 491 487
693 1 425 417 403
694 1 423 425 403
695 1 421 425 423
696 1 421 426 425
697 1 475 484 474
698 1 474 484 99
699 1 476 484 475
700 1 476 488 484
701 1 420 422 421
702 1 421 422 426
703 1 6 91 420
704 1 420 91 422
705 1 87 91 6
706 1 23 87 6
707 1 87 85 91
708 1 12 11 23
709 1 23 11 87
710 1 14 13 12
711 1 12 13 11
712 1 14 15 13
713 1 13 15 21
714 1 15 20 21
715 1 16 18 15
716 1 15 18 20
717 1 474 18 16
718 1 474 99 18
719 1 69 85 87
720 1 11 69 87
721 1 11 17 69
722 1 13 17 11
723 1 69 17 68
724 1 21 17 13
725 1 448 279 443
726 1 226 443 278
727 1 226 445 443
728 1 226 278 216
729 1 449 336 354
730 1 447 336 449
731 1 448 447 449
732 1 448 449 279
733 1 448 446 447
734 1 445 446 448
735 1 444 445 226
736 1 443 445 448
737 1 227 216 218
738 1 227 226 216
739 1 444 226 227
740 1 228 218 219
741 1 228 227 218
742 1 221 219 220
743 1 229 228 219
744 1 229 219 221
745 1 450 331 430
746 1 447 430 336
747 1 447 442 430
748 1 442 450 430
749 1 441 442 446
750 1 446 442 447
751 1 440 446 445
752 1 440 441 446
753 1 440 445 444
754 1 439 440 444
755 1 232 444 227
756 1 232 439 444
757 1 232 227 228
758 1 233 232 228
759 1 234 233 229
760 1 229 233 228
761 1 235 221 222
762 1 235 229 221
763 1 234 229 235
764 1 235 222 364
765 1 438 172 185
766 1 450 436 438
767 1 331 438 185
768 1 450 438 331
769 1 435 450 442
770 1 435 436 450
771 1 435 442 441
772 1 434 435 441
773 1 433 441 440
774 1 433 434 441
775 1 433 440 439
776 1 432 433 439
777 1 431 439 232
778 1 431 432 439
779 1 304 431 233
780 1 233 431 232
781 1 303 304 234
782 1 234 304 233
783 1 302 303 234
784 1 235 302 234
785 1 312 364 357
786 1 364 302 235
787 1 312 302 364
788 1 312 357 321
789 1 185 182 184
790 1 185 172 182
791 1 175 438 436
792 1 175 172 438
793 1 429 436 435
794 1 429 437 436
795 1 429 435 434
796 1 428 429 434
797 1 427 434 433
798 1 427 428 434
799 1 296 427 432
800 1 432 427 433
801 1 295 432 431
802 1 295 296 432
803 1 294 295 304
804 1 304 295 431
805 1 293 294 303
806 1 303 294 304
807 1 292 293 303
808 1 302 292 303
809 1 316 287 312
810 1 312 292 302
811 1 321 319 316
812 1 312 321 316
813 1 176 181 180
814 1 172 180 182
815 1 180 177 176
816 1 172 177 180
817 1 119 177 175
818 1 175 177 172
819 1 437 175 436
820 1 437 119 175
821 1 136 429 428
822 1 136 437 429
823 1 428 126 136
824 1 428 291 126
825 1 427 291 428
826 1 296 291 427
827 1 296 299 291
828 1 295 301 296
829 1 296 301 299
830 1 294 301 295
831 1 294 305 301
832 1 293 305 294
833 1 288 289 293
834 1 293 289 305
835 1 292 288 293
836 1 292 287 288
837 1 287 292 312
838 1 65 287 316
839 1 316 307 65
840 1 316 319 307
841 1 176 183 178
842 1 181 176 178
843 1 179 183 176
844 1 177 179 176
845 1 179 177 119
846 1 137 179 119
847 1 134 119 437
848 1 134 137 119
849 1 123 134 136
850 1 136 134 437
851 1 136 126 123
852 1 133 134 123
853 1 289 55 283
854 1 305 289 283
855 1 50 289 288
856 1 54 55 289
857 1 50 288 287
858 1 50 54 289
859 1 50 287 65
860 1 49 51 65
861 1 49 307 322
862 1 49 65 307
863 1 381 178 183
864 1 179 125 183
865 1 183 125 384
866 1 183 384 381
867 1 125 179 137
868 1 120 125 137
869 1 115 137 134
870 1 115 120 137
871 1 117 135 133
872 1 133 115 134
873 1 133 121 117
874 1 133 123 121
875 1 55 64 285
876 1 55 47 64
877 1 48 47 54
878 1 54 47 55
879 1 51 54 50
880 1 51 48 54
881 1 52 51 49
882 1 65 51 50
883 1 49 63 52
884 1 49 322 63
885 1 125 128 384
886 1 384 128 406
887 1 128 125 120
888 1 132 128 120
889 1 135 132 120
890 1 115 135 120
891 1 138 116 117
892 1 133 135 115
893 1 131 138 118
894 1 118 138 117
895 1 118 117 121
896 1 62 131 129
897 1 129 131 118
898 1 61 62 56
899 1 56 62 129
900 1 60 61 64
901 1 47 60 64
902 1 64 61 56
903 1 58 47 48
904 1 58 60 47
905 1 52 48 51
906 1 46 58 48
907 1 482 46 52
908 1 52 46 48
909 1 63 478 482
910 1 52 63 482
911 1 128 414 406
912 1 406 414 424
913 1 415 414 132
914 1 132 414 128
915 1 116 132 135
916 1 116 415 132
917 1 127 116 138
918 1 117 116 135
919 1 130 127 138
920 1 131 130 138
921 1 19 131 62
922 1 19 130 131
923 1 66 62 61
924 1 66 19 62
925 1 67 61 60
926 1 67 66 61
927 1 59 60 58
928 1 59 67 60
929 1 57 58 46
930 1 57 59 58
931 1 481 46 482
932 1 481 57 46
933 1 482 477 481
934 1 482 478 477
935 1 424 413 406
936 1 415 408 414
937 1 414 408 424
938 1 408 403 424
939 1 409 408 415
940 1 116 127 415
941 1 10 409 127
942 1 127 409 415
943 1 9 10 130
944 1 130 10 127
945 1 9 130 19
946 1 8 9 19
947 1 8 19 66
948 1 7 8 66
949 1 53 7 67
950 1 67 7 66
951 1 489 53 59
952 1 59 53 67
953 1 490 489 57
954 1 57 489 59
955 1 57 481 490
956 1 490 481 497
957 1 490 497 476
958 1 477 497 481
959 1 423 403 408
960 1 409 412 423
961 1 408 409 423
962 1 412 421 423
963 1 5 412 10
964 1 10 412 409
965 1 4 10 9
966 1 4 5 10
967 1 3 9 8
968 1 3 4 9
969 1 2 8 7
970 1 2 3 8
971 1 1 7 53
972 1 1 2 7
973 1 0 53 489
974 1 0 1 53
975 1 489 475 0
976 1 0 475 474
977 1 490 475 489
978 1 476 475 490
979 1 420 421 412
980 1 5 420 412
981 1 5 6 420
982 1 4 6 5
983 1 4 23 6
984 1 3 23 4
985 1 3 12 23
986 1 2 12 3
987 1 2 14 12
988 1 1 14 2
989 1 1 16 14
990 1 16 15 14
991 1 0 16 1
992 1 474 16 0
